ep_no	u_no	c_no	o_no	ep_date
1	1	1	1	2024-02-27
2	2	2	17	2024-03-06
3	3	3	12	2024-03-22
4	4	4	1	2024-03-27
5	5	5	1	2024-04-07
6	6	6	2	2024-04-22
7	7	7	8	2024-04-27
8	8	8	13	2024-05-29
9	9	9	13	2025-01-01
10	10	10	8	2025-02-03
11	11	1	17	2025-02-07
12	12	2	17	2025-03-04
13	13	3	1	2025-03-11
14	14	4	17	2025-03-23
15	15	5	12	2025-04-22
16	16	6	1	2025-04-25
17	17	1	1	2025-04-26
18	18	2	2	2025-05-03
19	19	3	8	2025-05-24
20	20	4	13	2025-05-29
21	10	1	1	2025-06-08
22	1	1	1	2025-06-08
23	2	1	17	2025-06-08
24	4	1	1	2025-06-08
25	5	1	1	2025-06-08
26	1	1	1	2025-06-14