rvno	rno	like
1	1	4
2	2	4
3	3	5
4	9	1
5	12	5
6	13	4
7	14	4
8	15	5
9	16	1
10	17	2
11	19	2
12	21	1
13	22	3
14	23	5
15	29	4
16	30	4
17	32	4
18	33	2
19	35	2
20	36	5
21	38	3
22	47	1
23	48	4
24	49	1
25	50	5
26	52	4
27	54	5
28	55	1
29	56	3
30	57	4
31	60	4
32	63	1
33	65	1
34	66	4
35	68	4
36	69	2
37	70	5
38	71	4
39	74	5
40	75	4
41	77	3
42	78	5
43	81	3
44	82	3
45	84	1
46	87	3
47	88	4
48	92	1
49	94	3
50	95	2
51	96	5
52	97	4
53	99	3
54	102	4
55	103	3
56	105	2
57	106	2
58	109	3
59	110	4
60	111	1
61	117	3
62	118	5
63	120	3
64	121	3
65	124	1
66	125	5
67	127	1
68	129	5
69	130	1
70	131	3
71	138	1
72	139	5
73	140	4
74	141	1
75	142	1
76	143	3
77	144	3
78	147	5
79	150	1
80	151	4
81	152	1
82	153	5
83	154	1
84	158	3
85	159	4
86	161	2
87	162	5
88	165	3
89	169	4
90	173	4
91	176	1
92	179	1
93	181	1
94	184	4
95	185	3
96	189	2
97	191	3
98	198	2
99	199	4
100	200	5
101	202	4
102	203	4
103	204	5
104	206	3
105	210	5
106	212	5
107	214	2
108	217	5
109	225	4
110	228	3
111	232	2
112	234	1
113	241	1
114	245	5
115	247	4
116	248	4
117	249	2
118	250	4
119	251	1
120	254	3
121	255	1
122	262	2
123	265	4
124	266	3
125	267	1
126	270	2
127	275	5
128	278	4
129	279	1
130	281	1
131	284	2
132	287	2
133	288	4
134	289	4
135	292	5
136	293	1
137	296	3
138	297	5
139	299	1
140	304	5
141	305	3
142	306	2
143	310	4
144	312	5
145	316	2
146	319	4
147	320	4
148	321	2
149	322	5
150	323	2
151	324	2
152	325	3
153	327	5
154	329	2
155	330	4
156	331	4
157	333	5
158	335	2
159	336	1
160	338	5
161	341	1
162	343	4
163	344	4
164	345	4
165	346	3
166	349	2
167	351	3
168	354	4
169	356	5
170	357	2
171	358	5
172	360	3
173	365	3
174	366	1
175	367	1
176	368	4
177	369	3
178	370	3
179	371	4
180	372	2
181	373	3
182	376	2
183	377	1
184	378	5
185	381	5
186	384	1
187	385	4
188	387	3
189	388	1
190	389	3
191	390	3
192	391	3
193	392	5
194	394	3
195	395	4
196	397	5
197	398	3
198	399	1
199	400	2
200	406	4
201	407	4
202	409	1
203	411	3
204	416	3
205	420	5
206	423	4
207	425	5
208	426	4
209	429	5
210	432	1
211	434	1
212	437	1
213	438	4
214	439	5
215	440	5
216	446	1
217	449	3
218	450	2
219	451	2
220	458	5
221	459	2
222	462	4
223	463	5
224	464	5
225	465	5
226	467	4
227	468	5
228	470	3
229	475	2
230	477	5
231	478	4
232	482	3
233	484	2
234	485	1
235	486	5
236	489	2
237	495	2
238	496	4
239	498	1
240	499	1
241	501	4
242	505	2
243	507	5
244	508	5
245	511	2
246	512	2
247	514	1
248	515	1
249	518	3
250	519	2
251	520	5
252	523	3
253	524	4
254	528	2
255	530	4
256	531	3
257	532	1
258	535	2
259	537	4
260	539	2
261	544	4
262	545	4
263	546	1
264	547	2
265	550	3
266	551	4
267	552	1
268	557	1
269	559	4
270	561	4
271	566	3
272	569	2
273	571	3
274	573	3
275	580	1
276	581	1
277	582	2
278	583	4
279	584	1
280	585	4
281	587	4
282	589	2
283	590	5
284	593	4
285	596	1
286	598	2
287	604	1
288	606	2
289	607	2
290	609	4
291	610	5
292	611	2
293	618	5
294	619	2
295	621	5
296	623	5
297	627	1
298	632	1
299	634	5
300	637	1
301	638	1
302	640	2
303	642	1
304	644	5
305	645	5
306	648	4
307	650	1
308	652	1
309	653	3
310	654	4
311	658	5
312	660	5
313	662	5
314	663	1
315	668	5
316	669	2
317	671	2
318	673	5
319	674	1
320	675	3
321	678	3
322	681	5
323	682	1
324	685	2
325	689	2
326	690	1
327	695	5
328	699	5
329	700	3
330	701	2
331	702	4
332	703	4
333	705	4
334	706	3
335	708	4
336	711	1
337	712	3
338	713	5
339	715	4
340	716	5
341	718	2
342	726	3
343	727	2
344	728	1
345	730	5
346	731	5
347	733	1
348	734	1
349	737	1
350	738	3
351	739	5
352	740	4
353	741	1
354	742	2
355	743	5
356	745	5
357	746	4
358	747	5
359	748	3
360	749	5
361	750	5
362	751	1
363	754	5
364	761	2
365	764	4
366	765	2
367	766	2
368	770	1
369	775	5
370	778	4
371	784	5
372	785	5
373	786	5
374	789	3
375	791	1
376	795	3
377	796	3
378	797	4
379	798	3
380	800	2
381	803	1
382	804	1
383	805	1
384	808	3
385	810	2
386	816	4
387	817	5
388	818	3
389	819	2
390	820	4
391	821	5
392	827	5
393	835	1
394	837	2
395	838	5
396	842	2
397	843	5
398	844	3
399	848	1
400	849	2
401	851	5
402	852	1
403	854	4
404	859	1
405	860	4
406	868	2
407	870	4
408	872	2
409	876	5
410	879	2
411	881	3
412	882	5
413	885	4
414	886	5
415	888	2
416	890	5
417	891	4
418	892	5
419	893	2
420	895	1
421	896	1
422	897	5
423	899	5
424	900	3
425	902	2
426	905	4
427	906	2
428	907	1
429	910	3
430	912	5
431	913	4
432	915	4
433	916	3
434	919	5
435	922	4
436	923	2
437	924	5
438	926	3
439	930	1
440	931	1
441	932	4
442	933	5
443	934	1
444	945	3
445	946	4
446	947	5
447	949	3
448	950	4
449	951	4
450	953	3
451	954	5
452	956	5
453	959	1
454	960	4
455	961	4
456	963	5
457	964	1
458	970	5
459	972	1
460	974	5
461	977	2
462	979	2
463	980	1
464	982	3
465	983	5
466	987	5
467	989	1
468	990	3
469	991	2
470	992	3
471	993	2
472	996	3
473	997	1
474	998	1
475	1002	4
476	1003	2
477	1004	1
478	1005	2
479	1006	4
480	1007	2
481	1008	1
482	1009	5
483	1013	5
484	1014	1
485	1017	5
486	1019	5
487	1020	5
488	1024	2
489	1028	1
490	1029	5
491	1030	3
492	1031	4
493	1033	5
494	1035	5
495	1036	4
496	1037	1
497	1039	1
498	1040	1
499	1041	3
500	1042	4
501	1046	1
502	1047	3
503	1049	3
504	1051	1
505	1052	4
506	1053	5
507	1055	5
508	1057	2
509	1060	2
510	1062	3
511	1063	2
512	1064	2
513	1065	3
514	1068	5
515	1070	2
516	1075	4
517	1079	5
518	1084	3
519	1085	5
520	1087	4
521	1088	1
522	1089	1
523	1090	1
524	1091	1
525	1092	3
526	1095	4
527	1097	1
528	1098	4
529	1099	2
530	1101	4
531	1102	1
532	1105	5
533	1106	5
534	1108	3
535	1109	5
536	1112	1
537	1114	1
538	1115	5
539	1116	4
540	1117	5
541	1118	3
542	1119	5
543	1120	1
544	1126	3
545	1127	1
546	1131	4
547	1134	3
548	1135	1
549	1136	4
550	1138	1
551	1140	2
552	1141	2
553	1143	1
554	1145	4
555	1147	3
556	1151	5
557	1152	3
558	1157	2
559	1158	3
560	1163	4
561	1165	3
562	1167	3
563	1168	3
564	1172	4
565	1179	5
566	1180	3
567	1181	3
568	1182	1
569	1183	2
570	1186	1
571	1193	4
572	1194	5
573	1195	3
574	1196	3
575	1198	5
576	1201	4
577	1202	5
578	1203	2
579	1207	2
580	1209	4
581	1211	4
582	1214	5
583	1215	4
584	1216	3
585	1220	3
586	1225	1
587	1226	3
588	1228	3
589	1229	4
590	1230	4
591	1231	2
592	1233	4
593	1234	4
594	1235	4
595	1236	4
596	1237	2
597	1242	2
598	1246	2
599	1248	4
600	1250	2
601	1251	3
602	1252	4
603	1255	3
604	1258	2
605	1259	3
606	1265	4
607	1267	4
608	1271	5
609	1272	5
610	1275	2
611	1278	2
612	1279	3
613	1281	2
614	1283	1
615	1285	1
616	1286	2
617	1290	5
618	1294	5
619	1298	5
620	1299	2
621	1300	1
622	1302	2
623	1305	2
624	1306	4
625	1307	1
626	1310	5
627	1313	2
628	1319	5
629	1320	2
630	1323	5
631	1324	4
632	1330	3
633	1331	3
634	1333	4
635	1334	4
636	1335	5
637	1340	2
638	1341	5
639	1342	2
640	1344	4
641	1348	4
642	1349	3
643	1351	3
644	1353	1
645	1360	4
646	1361	5
647	1363	5
648	1364	3
649	1365	5
650	1366	3
651	1369	2
652	1370	5
653	1374	2
654	1377	5
655	1378	2
656	1381	3
657	1383	2
658	1386	3
659	1389	3
660	1390	5
661	1391	3
662	1398	5
663	1399	1
664	1400	3
665	1404	4
666	1406	1
667	1411	5
668	1412	3
669	1418	3
670	1419	1
671	1424	1
672	1426	4
673	1428	1
674	1430	4
675	1432	4
676	1434	4
677	1436	3
678	1438	1
679	1440	4
680	1441	3
681	1444	3
682	1446	3
683	1449	1
684	1450	5
685	1451	4
686	1455	1
687	1457	1
688	1458	2
689	1459	4
690	1466	1
691	1473	3
692	1474	1
693	1479	1
694	1481	4
695	1484	3
696	1485	2
697	1487	1
698	1490	1
699	1491	4
700	1493	5
701	1494	3
702	1495	5
703	1496	2
704	1506	2
705	1507	5
706	1508	4
707	1509	2
708	1510	1
709	1511	5
710	1518	5
711	1519	2
712	1520	2
713	1521	2
714	1522	2
715	1525	4
716	1526	4
717	1529	2
718	1530	3
719	1533	4
720	1537	2
721	1538	2
722	1539	5
723	1540	4
724	1542	3
725	1543	2
726	1544	3
727	1545	1
728	1546	5
729	1547	3
730	1552	5
731	1553	4
732	1555	4
733	1558	5
734	1562	2
735	1563	3
736	1564	1
737	1565	3
738	1569	4
739	1572	2
740	1573	1
741	1574	2
742	1575	5
743	1578	5
744	1580	5
745	1582	5
746	1583	2
747	1584	3
748	1593	5
749	1595	5
750	1598	3
751	1600	4
752	1602	4
753	1609	4
754	1611	1
755	1618	4
756	1620	5
757	1624	1
758	1626	5
759	1628	5
760	1633	4
761	1636	3
762	1637	2
763	1638	2
764	1646	4
765	1648	3
766	1650	3
767	1651	5
768	1653	5
769	1658	5
770	1659	2
771	1660	1
772	1663	5
773	1665	2
774	1666	4
775	1667	3
776	1668	4
777	1670	4
778	1671	3
779	1672	4
780	1673	1
781	1674	3
782	1675	2
783	1677	3
784	1678	5
785	1680	5
786	1683	3
787	1685	3
788	1686	4
789	1687	3
790	1688	5
791	1691	1
792	1692	2
793	1693	4
794	1694	1
795	1695	3
796	1696	2
797	1700	4
798	1701	1
799	1702	5
800	1706	1
801	1708	1
802	1709	5
803	1711	4
804	1713	1
805	1715	1
806	1717	3
807	1718	5
808	1719	1
809	1720	4
810	1721	1
811	1722	1
812	1724	1
813	1725	2
814	1732	2
815	1735	3
816	1740	3
817	1741	3
818	1742	2
819	1743	5
820	1747	4
821	1748	2
822	1750	4
823	1752	5
824	1754	4
825	1756	2
826	1757	3
827	1758	5
828	1759	1
829	1761	3
830	1769	5
831	1772	4
832	1773	4
833	1774	3
834	1778	3
835	1780	4
836	1785	1
837	1788	1
838	1789	3
839	1795	4
840	1796	1
841	1800	2
842	1801	3
843	1803	4
844	1808	2
845	1809	3
846	1812	4
847	1813	2
848	1814	3
849	1815	3
850	1816	2
851	1818	5
852	1821	4
853	1824	5
854	1825	1
855	1826	1
856	1827	1
857	1829	4
858	1830	4
859	1831	3
860	1838	5
861	1841	5
862	1842	1
863	1849	1
864	1852	5
865	1853	4
866	1858	4
867	1860	4
868	1861	1
869	1862	2
870	1869	5
871	1874	5
872	1875	1
873	1876	1
874	1877	2
875	1879	1
876	1880	4
877	1881	4
878	1883	5
879	1886	1
880	1893	4
881	1897	5
882	1898	1
883	1899	5
884	1900	1
885	1901	1
886	1904	3
887	1906	1
888	1908	1
889	1912	1
890	1914	5
891	1916	2
892	1917	1
893	1921	4
894	1925	3
895	1927	4
896	1928	5
897	1929	1
898	1930	2
899	1932	5
900	1934	4
901	1936	1
902	1937	4
903	1938	1
904	1939	2
905	1943	5
906	1944	1
907	1946	3
908	1948	2
909	1952	5
910	1953	4
911	1956	2
912	1958	1
913	1959	5
914	1963	3
915	1965	5
916	1966	1
917	1968	5
918	1969	2
919	1970	1
920	1972	4
921	1975	3
922	1976	2
923	1978	4
924	1983	5
925	1984	3
926	1985	4
927	1986	4
928	1989	1
929	1991	5
930	1992	4
931	1994	5
932	1995	2
933	1997	4
934	1999	4
935	2000	1
936	2001	2
937	2004	3
938	2005	4
939	2006	5
940	2007	5
941	2010	3
942	2011	4
943	2012	4
944	2014	4
945	2015	2
946	2017	1
947	2018	3
948	2019	3
949	2023	2
950	2027	2
951	2030	1
952	2032	5
953	2033	1
954	2035	1
955	2038	4
956	2039	3
957	2040	1
958	2041	3
959	2043	2
960	2045	3
961	2049	4
962	2050	3
963	2053	3
964	2054	2
965	2055	4
966	2057	4
967	2060	4
968	2062	4
969	2066	5
970	2067	4
971	2070	3
972	2072	5
973	2073	4
974	2075	5
975	2077	5
976	2078	2
977	2079	5
978	2080	5
979	2081	2
980	2082	4
981	2084	4
982	2086	5
983	2087	3
984	2088	5
985	2091	3
986	2092	1
987	2096	2
988	2098	4
989	2100	3
990	2105	4
991	2106	4
992	2107	4
993	2115	4
994	2118	1
995	2122	4
996	2124	4
997	2127	1
998	2132	3
999	2133	5
1000	2136	2
1001	2137	3
1002	2138	1
1003	2139	2
1004	2140	1
1005	2142	4
1006	2146	2
1007	2147	1
1008	2149	3
1009	2150	4
1010	2155	5
1011	2160	4
1012	2167	4
1013	2170	4
1014	2178	3
1015	2180	4
1016	2183	3
1017	2187	4
1018	2188	3
1019	2189	2
1020	2192	5
1021	2197	2
1022	2198	5
1023	2199	3
1024	2203	2
1025	2207	4
1026	2208	2
1027	2209	3
1028	2217	4
1029	2218	4
1030	2219	1
1031	2222	1
1032	2224	3
1033	2226	3
1034	2228	5
1035	2229	2
1036	2230	1
1037	2231	4
1038	2232	3
1039	2234	5
1040	2235	4
1041	2239	2
1042	2241	3
1043	2242	5
1044	2244	1
1045	2245	2
1046	2253	2
1047	2259	4
1048	2262	3
1049	2263	1
1050	2266	4
1051	2267	4
1052	2269	1
1053	2270	5
1054	2275	1
1055	2279	1
1056	2281	4
1057	2282	3
1058	2284	4
1059	2286	5
1060	2289	1
1061	2293	1
1062	2295	2
1063	2296	3
1064	2297	3
1065	2298	4
1066	2300	2
1067	2303	3
1068	2304	3
1069	2306	2
1070	2307	3
1071	2308	4
1072	2309	3
1073	2310	4
1074	2311	3
1075	2312	4
1076	2313	1
1077	2316	4
1078	2318	5
1079	2321	1
1080	2325	4
1081	2327	5
1082	2329	1
1083	2332	4
1084	2333	3
1085	2335	4
1086	2337	5
1087	2339	5
1088	2340	1
1089	2343	3
1090	2345	3
1091	2346	3
1092	2348	1
1093	2350	5
1094	2352	1
1095	2353	2
1096	2354	1
1097	2359	2
1098	2360	4
1099	2361	2
1100	2364	1
1101	2365	1
1102	2366	4
1103	2367	3
1104	2369	4
1105	2371	1
1106	2375	3
1107	2379	1
1108	2381	4
1109	2385	2
1110	2388	5
1111	2390	5
1112	2393	2
1113	2395	4
1114	2396	4
1115	2398	1
1116	2400	3
1117	2402	2
1118	2405	4
1119	2406	2
1120	2409	5
1121	2417	5
1122	2418	4
1123	2419	2
1124	2421	2
1125	2422	3
1126	2425	3
1127	2429	1
1128	2431	4
1129	2435	2
1130	2436	4
1131	2438	1
1132	2439	1
1133	2440	4
1134	2441	2
1135	2443	2
1136	2449	4
1137	2450	1
1138	2451	4
1139	2453	4
1140	2455	5
1141	2457	2
1142	2460	4
1143	2461	3
1144	2463	5
1145	2464	1
1146	2467	2
1147	2468	1
1148	2469	3
1149	2471	2
1150	2473	5
1151	2474	3
1152	2480	1
1153	2481	3
1154	2482	2
1155	2483	1
1156	2484	5
1157	2490	3
1158	2491	4
1159	2492	2
1160	2493	3
1161	2495	3
1162	2496	4
1163	2498	2
1164	2499	3
1165	2502	3
1166	2503	4
1167	2504	3
1168	2507	4
1169	2508	1
1170	2512	2
1171	2513	1
1172	2516	2
1173	2519	1
1174	2524	3
1175	2527	4
1176	2530	1
1177	2531	2
1178	2539	5
1179	2541	1
1180	2550	3
1181	2552	1
1182	2553	3
1183	2556	3
1184	2557	4
1185	2561	3
1186	2566	5
1187	2568	5
1188	2569	1
1189	2570	3
1190	2571	2
1191	2574	3
1192	2576	1
1193	2577	3
1194	2578	1
1195	2580	5
1196	2581	2
1197	2582	3
1198	2583	2
1199	2585	5
1200	2586	3
1201	2588	3
1202	2589	1
1203	2592	2
1204	2595	5
1205	2597	3
1206	2602	5
1207	2604	4
1208	2605	5
1209	2609	4
1210	2610	2
1211	2611	4
1212	2616	3
1213	2617	3
1214	2618	2
1215	2619	4
1216	2620	5
1217	2621	5
1218	2628	2
1219	2630	4
1220	2632	1
1221	2633	5
1222	2634	5
1223	2640	1
1224	2641	1
1225	2645	5
1226	2646	4
1227	2647	1
1228	2651	5
1229	2653	5
1230	2654	2
1231	2658	5
1232	2659	3
1233	2660	2
1234	2661	4
1235	2662	4
1236	2663	1
1237	2664	4
1238	2666	4
1239	2668	3
1240	2670	2
1241	2675	4
1242	2676	4
1243	2679	5
1244	2680	4
1245	2688	4
1246	2689	2
1247	2690	2
1248	2691	1
1249	2692	5
1250	2696	3
1251	2698	2
1252	2703	5
1253	2706	3
1254	2707	2
1255	2712	1
1256	2716	5
1257	2717	3
1258	2718	1
1259	2719	4
1260	2720	2
1261	2728	4
1262	2731	3
1263	2733	4
1264	2734	3
1265	2735	4
1266	2736	4
1267	2738	3
1268	2741	3
1269	2744	2
1270	2751	5
1271	2755	1
1272	2756	5
1273	2757	1
1274	2758	2
1275	2759	2
1276	2762	3
1277	2763	2
1278	2765	5
1279	2767	4
1280	2771	3
1281	2772	4
1282	2773	1
1283	2775	2
1284	2779	5
1285	2781	5
1286	2782	1
1287	2784	5
1288	2785	2
1289	2786	3
1290	2789	3
1291	2794	5
1292	2795	1
1293	2797	3
1294	2803	4
1295	2807	1
1296	2810	1
1297	2812	2
1298	2814	4
1299	2815	4
1300	2819	2
1301	2822	3
1302	2824	3
1303	2826	5
1304	2828	5
1305	2832	1
1306	2838	3
1307	2841	4
1308	2842	5
1309	2846	5
1310	2848	5
1311	2849	4
1312	2850	2
1313	2854	3
1314	2855	3
1315	2856	4
1316	2859	5
1317	2863	1
1318	2866	1
1319	2868	3
1320	2869	5
1321	2870	3
1322	2872	2
1323	2878	1
1324	2879	5
1325	2880	1
1326	2886	2
1327	2887	1
1328	2888	1
1329	2891	5
1330	2892	2
1331	2893	3
1332	2894	2
1333	2899	5
1334	2902	4
1335	2904	1
1336	2905	2
1337	2907	2
1338	2908	2
1339	2910	1
1340	2912	4
1341	2913	4
1342	2917	2
1343	2919	2
1344	2920	4
1345	2921	4
1346	2922	5
1347	2923	1
1348	2924	2
1349	2927	5
1350	2929	2
1351	2930	4
1352	2931	1
1353	2932	5
1354	2934	3
1355	2937	1
1356	2938	2
1357	2940	1
1358	2944	3
1359	2945	2
1360	2949	2
1361	2952	3
1362	2954	3
1363	2958	4
1364	2961	4
1365	2962	1
1366	2963	5
1367	2964	3
1368	2966	4
1369	2968	3
1370	2969	1
1371	2970	2
1372	2971	4
1373	2974	4
1374	2980	5
1375	2981	2
1376	2982	2
1377	2983	4
1378	2984	3
1379	2985	2
1380	2986	2
1381	2987	1
1382	2990	3
1383	2991	4
1384	2992	4
1385	2993	1
1386	2995	5
1387	2996	5
1388	2997	1
1389	3000	5
1390	3001	2
1391	3005	3
1392	3006	3
1393	3007	2
1394	3010	4
1395	3016	3
1396	3020	3
1397	3021	2
1398	3024	1
1399	3025	2
1400	3026	1
1401	3027	4
1402	3032	4
1403	3033	3
1404	3034	1
1405	3035	4
1406	3036	1
1407	3043	3
1408	3044	5
1409	3045	1
1410	3046	2
1411	3047	5
1412	3049	2
1413	3050	4
1414	3052	1
1415	3057	2
1416	3058	5
1417	3059	3
1418	3060	2
1419	3064	1
1420	3065	3
1421	3067	2
1422	3070	4
1423	3072	4
1424	3074	1
1425	3075	4
1426	3076	2
1427	3078	3
1428	3079	1
1429	3081	4
1430	3086	1
1431	3087	5
1432	3089	3
1433	3090	4
1434	3093	4
1435	3096	4
1436	3097	5
1437	3103	3
1438	3105	2
1439	3106	3
1440	3109	5
1441	3111	4
1442	3114	5
1443	3115	5
1444	3116	2
1445	3122	2
1446	3123	3
1447	3125	4
1448	3134	1
1449	3136	2
1450	3137	1
1451	3139	4
1452	3143	2
1453	3145	5
1454	3146	5
1455	3148	4
1456	3151	1
1457	3152	3
1458	3157	5
1459	3158	3
1460	3159	2
1461	3160	2
1462	3164	5
1463	3168	1
1464	3170	2
1465	3171	2
1466	3174	2
1467	3177	4
1468	3179	5
1469	3182	2
1470	3185	4
1471	3187	2
1472	3188	3
1473	3189	4
1474	3203	2
1475	3209	5
1476	3211	3
1477	3214	4
1478	3215	5
1479	3218	1
1480	3219	1
1481	3220	2
1482	3222	2
1483	3224	1
1484	3226	4
1485	3230	5
1486	3232	2
1487	3238	3
1488	3239	4
1489	3240	5
1490	3242	3
1491	3243	1
1492	3245	5
1493	3246	4
1494	3248	1
1495	3249	5
1496	3250	1
1497	3251	4
1498	3252	1
1499	3258	1
1500	3261	5
1501	3273	5
1502	3276	1
1503	3277	1
1504	3278	5
1505	3283	2
1506	3285	1
1507	3286	4
1508	3290	3
1509	3291	3
1510	3293	2
1511	3295	5
1512	3296	5
1513	3299	5
1514	3300	4
1515	3302	5
1516	3303	4
1517	3304	4
1518	3307	2
1519	3310	2
1520	3313	2
1521	3314	4
1522	3315	4
1523	3316	1
1524	3317	4
1525	3318	2
1526	3319	4
1527	3323	1
1528	3324	3
1529	3327	4
1530	3330	4
1531	3337	2
1532	3338	1
1533	3341	1
1534	3342	1
1535	3343	1
1536	3344	2
1537	3346	2
1538	3348	4
1539	3351	2
1540	3354	5
1541	3356	2
1542	3361	2
1543	3362	5
1544	3363	5
1545	3371	2
1546	3372	1
1547	3373	3
1548	3375	5
1549	3376	5
1550	3377	4
1551	3380	2
1552	3383	5
1553	3385	1
1554	3386	4
1555	3388	3
1556	3393	1
1557	3395	3
1558	3399	1
1559	3401	2
1560	3402	2
1561	3403	4
1562	3406	3
1563	3408	5
1564	3413	4
1565	3414	5
1566	3416	2
1567	3419	5
1568	3420	3
1569	3423	5
1570	3424	5
1571	3425	2
1572	3428	2
1573	3429	1
1574	3435	1
1575	3436	1
1576	3440	5
1577	3441	3
1578	3444	5
1579	3445	3
1580	3446	2
1581	3450	1
1582	3462	1
1583	3463	3
1584	3465	2
1585	3467	3
1586	3468	4
1587	3469	3
1588	3474	3
1589	3478	5
1590	3481	1
1591	3482	2
1592	3483	1
1593	3486	5
1594	3487	4
1595	3488	2
1596	3489	3
1597	3491	2
1598	3493	3
1599	3497	2
1600	3500	3
1601	3501	1
1602	3502	3
1603	3504	2
1604	3505	4
1605	3509	4
1606	3510	5
1607	3511	4
1608	3512	2
1609	3513	3
1610	3515	3
1611	3518	1
1612	3521	3
1613	3526	3
1614	3528	1
1615	3529	3
1616	3531	5
1617	3532	4
1618	3534	4
1619	3539	1
1620	3542	5
1621	3543	2
1622	3546	2
1623	3549	4
1624	3550	4
1625	3551	3
1626	3555	4
1627	3558	4
1628	3561	4
1629	3564	4
1630	3565	1
1631	3567	1
1632	3568	4
1633	3569	3
1634	3572	5
1635	3574	1
1636	3578	5
1637	3586	5
1638	3591	3
1639	3594	4
1640	3596	1
1641	3597	2
1642	3598	4
1643	3601	4
1644	3602	5
1645	3605	1
1646	3608	3
1647	3609	4
1648	3611	3
1649	3612	4
1650	3613	5
1651	3615	3
1652	3617	5
1653	3618	3
1654	3619	5
1655	3620	2
1656	3625	2
1657	3626	1
1658	3627	1
1659	3628	3
1660	3631	3
1661	3634	2
1662	3635	5
1663	3638	5
1664	3639	2
1665	3640	2
1666	3641	5
1667	3642	4
1668	3646	3
1669	3649	4
1670	3650	2
1671	3651	2
1672	3653	5
1673	3654	5
1674	3655	3
1675	3656	2
1676	3657	3
1677	3662	4
1678	3667	1
1679	3668	3
1680	3669	5
1681	3670	2
1682	3673	3
1683	3674	1
1684	3678	3
1685	3681	1
1686	3682	1
1687	3683	1
1688	3685	3
1689	3686	2
1690	3687	3
1691	3688	4
1692	3689	5
1693	3693	4
1694	3694	3
1695	3696	2
1696	3697	5
1697	3701	1
1698	3707	3
1699	3713	5
1700	3717	3
1701	3720	1
1702	3721	1
1703	3723	2
1704	3724	4
1705	3726	3
1706	3728	1
1707	3729	5
1708	3732	3
1709	3738	1
1710	3739	3
1711	3742	2
1712	3744	3
1713	3747	1
1714	3750	5
1715	3755	3
1716	3756	3
1717	3757	2
1718	3759	3
1719	3765	5
1720	3766	5
1721	3770	1
1722	3771	3
1723	3773	1
1724	3777	1
1725	3778	1
1726	3781	5
1727	3782	2
1728	3784	5
1729	3793	5
1730	3799	4
1731	3801	2
1732	3804	5
1733	3807	1
1734	3808	3
1735	3809	2
1736	3810	2
1737	3813	3
1738	3814	5
1739	3817	4
1740	3819	4
1741	3820	2
1742	3823	1
1743	3824	4
1744	3827	2
1745	3830	5
1746	3831	4
1747	3833	1
1748	3836	5
1749	3838	2
1750	3839	5
1751	3840	2
1752	3841	1
1753	3843	3
1754	3844	5
1755	3845	1
1756	3846	5
1757	3848	3
1758	3850	3
1759	3854	5
1760	3855	2
1761	3860	2
1762	3864	2
1763	3866	4
1764	3869	1
1765	3873	2
1766	3875	1
1767	3879	1
1768	3880	4
1769	3881	2
1770	3882	4
1771	3883	1
1772	3885	4
1773	3890	5
1774	3891	5
1775	3894	1
1776	3896	3
1777	3899	5
1778	3901	2
1779	3902	3
1780	3903	5
1781	3904	1
1782	3905	2
1783	3909	1
1784	3912	4
1785	3914	3
1786	3916	4
1787	3917	5
1788	3918	1
1789	3921	3
1790	3923	3
1791	3928	5
1792	3930	1
1793	3934	3
1794	3935	3
1795	3936	1
1796	3938	5
1797	3943	4
1798	3945	3
1799	3949	2
1800	3952	5
1801	3953	5
1802	3954	3
1803	3955	5
1804	3963	1
1805	3968	2
1806	3971	1
1807	3974	5
1808	3975	4
1809	3977	4
1810	3978	1
1811	3979	5
1812	3981	4
1813	3983	3
1814	3984	4
1815	3987	5
1816	3990	4
1817	3991	2
1818	3999	4
1819	4000	3
1820	4001	1
1821	4003	2
1822	4005	5
1823	4007	5
1824	4011	3
1825	4013	2
1826	4014	3
1827	4015	3
1828	4018	5
1829	4021	5
1830	4022	1
1831	4023	2
1832	4025	1
1833	4029	3
1834	4031	2
1835	4033	1
1836	4034	2
1837	4036	5
1838	4039	2
1839	4042	1
1840	4045	2
1841	4046	1
1842	4047	1
1843	4048	3
1844	4051	2
1845	4052	3
1846	4055	5
1847	4060	3
1848	4061	2
1849	4064	5
1850	4065	3
1851	4067	3
1852	4070	5
1853	4072	3
1854	4075	5
1855	4077	4
1856	4084	1
1857	4085	5
1858	4086	5
1859	4088	2
1860	4089	4
1861	4090	4
1862	4093	5
1863	4096	4
1864	4104	2
1865	4107	1
1866	4108	4
1867	4109	3
1868	4110	4
1869	4111	4
1870	4112	4
1871	4114	5
1872	4119	1
1873	4121	3
1874	4125	2
1875	4127	3
1876	4131	3
1877	4136	5
1878	4137	1
1879	4139	5
1880	4141	3
1881	4144	3
1882	4145	4
1883	4149	4
1884	4151	2
1885	4152	5
1886	4154	5
1887	4155	2
1888	4157	2
1889	4158	1
1890	4161	1
1891	4162	1
1892	4163	2
1893	4165	3
1894	4166	3
1895	4168	1
1896	4169	4
1897	4172	5
1898	4176	4
1899	4178	3
1900	4182	4
1901	4183	5
1902	4184	3
1903	4185	2
1904	4187	1
1905	4188	3
1906	4192	5
1907	4196	5
1908	4197	4
1909	4198	3
1910	4202	5
1911	4207	2
1912	4211	2
1913	4213	5
1914	4214	2
1915	4216	3
1916	4217	3
1917	4224	1
1918	4227	3
1919	4229	2
1920	4230	1
1921	4231	5
1922	4234	3
1923	4235	1
1924	4236	5
1925	4239	2
1926	4243	1
1927	4245	2
1928	4246	5
1929	4247	2
1930	4248	3
1931	4249	1
1932	4250	4
1933	4252	2
1934	4255	3
1935	4257	3
1936	4258	1
1937	4259	2
1938	4260	5
1939	4261	3
1940	4262	3
1941	4263	2
1942	4264	2
1943	4265	2
1944	4269	3
1945	4272	2
1946	4274	3
1947	4275	2
1948	4277	3
1949	4279	5
1950	4284	1
1951	4285	4
1952	4288	4
1953	4289	3
1954	4290	1
1955	4291	5
1956	4295	3
1957	4296	2
1958	4297	5
1959	4299	1
1960	4301	5
1961	4302	2
1962	4306	1
1963	4307	3
1964	4309	2
1965	4310	4
1966	4311	4
1967	4315	1
1968	4320	5
1969	4322	1
1970	4327	2
1971	4328	5
1972	4330	5
1973	4331	2
1974	4333	2
1975	4335	5
1976	4338	1
1977	4339	1
1978	4341	5
1979	4347	1
1980	4348	1
1981	4349	2
1982	4353	5
1983	4354	1
1984	4356	5
1985	4360	4
1986	4364	1
1987	4365	2
1988	4368	5
1989	4372	1
1990	4373	3
1991	4374	3
1992	4376	1
1993	4377	4
1994	4378	5
1995	4382	4
1996	4385	4
1997	4386	5
1998	4389	4
1999	4391	1
2000	4392	4
2001	4393	3
2002	4397	5
2003	4399	1
2004	4402	4
2005	4404	3
2006	4406	3
2007	4408	1
2008	4412	4
2009	4413	4
2010	4414	1
2011	4415	2
2012	4417	1
2013	4420	2
2014	4421	2
2015	4423	4
2016	4432	5
2017	4433	2
2018	4434	4
2019	4435	1
2020	4441	5
2021	4445	5
2022	4450	5
2023	4453	5
2024	4455	4
2025	4456	4
2026	4459	3
2027	4461	5
2028	4464	3
2029	4467	3
2030	4468	2
2031	4470	4
2032	4471	3
2033	4474	3
2034	4477	1
2035	4478	2
2036	4479	4
2037	4481	4
2038	4482	1
2039	4483	5
2040	4485	5
2041	4487	1
2042	4488	1
2043	4489	1
2044	4494	1
2045	4497	5
2046	4499	3
2047	4500	2
2048	4501	3
2049	4502	5
2050	4503	3
2051	4505	1
2052	4510	5
2053	4512	5
2054	4513	3
2055	4516	1
2056	4517	3
2057	4518	4
2058	4520	1
2059	4521	4
2060	4522	1
2061	4523	2
2062	4527	3
2063	4528	3
2064	4529	5
2065	4532	3
2066	4534	2
2067	4538	2
2068	4540	3
2069	4542	4
2070	4543	5
2071	4545	4
2072	4546	4
2073	4548	3
2074	4551	4
2075	4555	4
2076	4556	4
2077	4561	3
2078	4563	2
2079	4566	1
2080	4568	4
2081	4569	3
2082	4570	3
2083	4571	4
2084	4573	2
2085	4579	4
2086	4581	3
2087	4582	1
2088	4590	4
2089	4591	1
2090	4592	5
2091	4594	2
2092	4595	5
2093	4596	1
2094	4597	4
2095	4598	4
2096	4599	3
2097	4602	2
2098	4603	2
2099	4605	4
2100	4606	4
2101	4607	3
2102	4609	4
2103	4610	4
2104	4612	3
2105	4613	3
2106	4614	4
2107	4616	5
2108	4617	3
2109	4618	5
2110	4621	4
2111	4623	1
2112	4625	2
2113	4627	2
2114	4628	1
2115	4630	5
2116	4631	2
2117	4636	4
2118	4638	2
2119	4641	4
2120	4642	4
2121	4643	5
2122	4645	5
2123	4646	2
2124	4651	3
2125	4655	4
2126	4656	2
2127	4658	1
2128	4663	3
2129	4664	1
2130	4668	5
2131	4670	2
2132	4676	3
2133	4679	1
2134	4681	4
2135	4682	3
2136	4685	4
2137	4687	4
2138	4692	1
2139	4694	3
2140	4695	2
2141	4700	1
2142	4702	5
2143	4703	1
2144	4704	1
2145	4705	1
2146	4713	4
2147	4714	3
2148	4715	4
2149	4716	4
2150	4717	1
2151	4719	3
2152	4720	1
2153	4721	4
2154	4725	2
2155	4726	2
2156	4727	3
2157	4729	1
2158	4731	3
2159	4733	4
2160	4735	2
2161	4738	1
2162	4744	1
2163	4745	3
2164	4746	3
2165	4747	5
2166	4748	1
2167	4753	3
2168	4754	4
2169	4757	5
2170	4759	5
2171	4760	4
2172	4763	4
2173	4766	3
2174	4768	5
2175	4769	3
2176	4770	5
2177	4771	1
2178	4772	2
2179	4773	1
2180	4774	4
2181	4778	5
2182	4781	3
2183	4782	5
2184	4786	3
2185	4787	1
2186	4789	4
2187	4792	5
2188	4793	2
2189	4794	1
2190	4796	5
2191	4800	4
2192	4801	3
2193	4803	4
2194	4805	3
2195	4809	2
2196	4810	4
2197	4811	5
2198	4812	2
2199	4813	3
2200	4814	2
2201	4816	4
2202	4818	1
2203	4822	3
2204	4823	5
2205	4824	5
2206	4825	1
2207	4826	1
2208	4827	5
2209	4828	4
2210	4829	5
2211	4831	4
2212	4832	3
2213	4833	1
2214	4839	2
2215	4849	5
2216	4850	3
2217	4854	3
2218	4855	4
2219	4858	1
2220	4862	5
2221	4864	5
2222	4866	4
2223	4867	3
2224	4868	4
2225	4872	1
2226	4876	2
2227	4879	3
2228	4885	1
2229	4887	4
2230	4889	3
2231	4891	3
2232	4897	4
2233	4899	5
2234	4900	2
2235	4901	4
2236	4902	3
2237	4903	1
2238	4909	3
2239	4910	2
2240	4911	2
2241	4916	2
2242	4917	1
2243	4920	5
2244	4921	1
2245	4922	1
2246	4923	5
2247	4924	3
2248	4925	3
2249	4928	2
2250	4934	2
2251	4936	1
2252	4938	5
2253	4940	4
2254	4942	3
2255	4944	2
2256	4947	1
2257	4948	1
2258	4955	1
2259	4957	2
2260	4958	2
2261	4959	4
2262	4961	2
2263	4962	3
2264	4968	1
2265	4979	4
2266	4980	3
2267	4981	5
2268	4984	4
2269	4987	1
2270	4988	4
2271	4989	5
2272	4991	2
2273	4994	3
2274	4995	5
2275	4996	4
2276	4998	2
2277	5000	5
2278	5002	3
2279	5005	1
2280	5009	2
2281	5011	4
2282	5012	4
2283	5013	3
2284	5017	4
2285	5019	3
2286	5020	5
2287	5024	5
2288	5025	3
2289	5028	3
2290	5030	1
2291	5034	4
2292	5035	4
2293	5038	2
2294	5039	2
2295	5044	3
2296	5046	4
2297	5048	4
2298	5050	1
2299	5060	3
2300	5062	5
2301	5063	5
2302	5067	1
2303	5071	1
2304	5076	3
2305	5077	3
2306	5078	5
2307	5079	2
2308	5083	1
2309	5084	5
2310	5086	5
2311	5089	5
2312	5090	2
2313	5093	5
2314	5097	4
2315	5099	4
2316	5101	3
2317	5102	5
2318	5104	4
2319	5105	1
2320	5107	5
2321	5108	3
2322	5110	3
2323	5111	1
2324	5112	2
2325	5115	3
2326	5116	4
2327	5117	2
2328	5123	2
2329	5124	5
2330	5126	4
2331	5127	3
2332	5128	2
2333	5131	1
2334	5133	1
2335	5135	3
2336	5136	5
2337	5141	1
2338	5142	4
2339	5145	3
2340	5146	4
2341	5147	4
2342	5148	4
2343	5150	2
2344	5151	5
2345	5152	2
2346	5155	5
2347	5156	3
2348	5159	4
2349	5160	4
2350	5161	1
2351	5162	3
2352	5163	4
2353	5164	1
2354	5167	3
2355	5168	2
2356	5170	1
2357	5171	2
2358	5174	2
2359	5181	5
2360	5184	5
2361	5185	2
2362	5186	1
2363	5189	1
2364	5192	2
2365	5193	3
2366	5196	2
2367	5197	1
2368	5199	2
2369	5203	3
2370	5206	1
2371	5207	3
2372	5208	4
2373	5212	4
2374	5215	1
2375	5218	2
2376	5222	1
2377	5224	1
2378	5225	1
2379	5226	5
2380	5228	4
2381	5229	5
2382	5236	3
2383	5241	5
2384	5242	3
2385	5244	2
2386	5248	3
2387	5254	3
2388	5257	2
2389	5261	3
2390	5264	2
2391	5265	1
2392	5266	2
2393	5267	2
2394	5269	5
2395	5272	2
2396	5276	3
2397	5277	5
2398	5278	2
2399	5280	4
2400	5281	1
2401	5282	2
2402	5284	4
2403	5285	5
2404	5286	3
2405	5288	5
2406	5298	1
2407	5299	5
2408	5300	4
2409	5305	3
2410	5309	4
2411	5311	2
2412	5314	1
2413	5316	5
2414	5318	2
2415	5319	1
2416	5320	5
2417	5321	2
2418	5322	5
2419	5330	3
2420	5332	4
2421	5333	1
2422	5335	5
2423	5336	5
2424	5337	4
2425	5338	5
2426	5339	2
2427	5344	1
2428	5350	5
2429	5351	1
2430	5352	1
2431	5353	3
2432	5354	2
2433	5357	5
2434	5363	5
2435	5365	5
2436	5367	1
2437	5368	3
2438	5369	2
2439	5370	2
2440	5372	1
2441	5374	5
2442	5375	2
2443	5376	5
2444	5377	5
2445	5378	2
2446	5379	4
2447	5382	5
2448	5383	5
2449	5384	1
2450	5385	3
2451	5388	2
2452	5389	4
2453	5390	2
2454	5393	1
2455	5396	2
2456	5397	3
2457	5398	2
2458	5399	1
2459	5402	1
2460	5407	1
2461	5410	5
2462	5413	3
2463	5414	1
2464	5426	2
2465	5428	4
2466	5432	4
2467	5438	4
2468	5441	3
2469	5443	1
2470	5445	3
2471	5446	5
2472	5449	1
2473	5450	4
2474	5451	1
2475	5458	4
2476	5460	5
2477	5461	3
2478	5462	3
2479	5464	2
2480	5465	1
2481	5467	2
2482	5469	1
2483	5471	4
2484	5472	3
2485	5476	5
2486	5478	1
2487	5479	4
2488	5480	1
2489	5481	5
2490	5483	4
2491	5487	1
2492	5488	2
2493	5490	5
2494	5492	1
2495	5493	2
2496	5495	2
2497	5496	3
2498	5497	4
2499	5502	5
2500	5504	3
2501	5505	2
2502	5507	1
2503	5510	5
2504	5512	2
2505	5513	1
2506	5514	3
2507	5520	5
2508	5521	2
2509	5522	2
2510	5524	1
2511	5525	2
2512	5526	3
2513	5530	2
2514	5536	3
2515	5537	1
2516	5539	2
2517	5542	2
2518	5543	5
2519	5544	4
2520	5545	3
2521	5547	2
2522	5548	3
2523	5550	2
2524	5553	3
2525	5555	2
2526	5557	3
2527	5558	1
2528	5561	1
2529	5562	4
2530	5564	2
2531	5569	5
2532	5570	4
2533	5572	4
2534	5574	2
2535	5576	2
2536	5579	4
2537	5580	3
2538	5581	2
2539	5582	2
2540	5583	2
2541	5585	2
2542	5587	2
2543	5589	5
2544	5593	2
2545	5595	1
2546	5597	2
2547	5598	1
2548	5599	1
2549	5600	5
2550	5601	4
2551	5602	5
2552	5603	1
2553	5604	2
2554	5605	5
2555	5606	3
2556	5607	2
2557	5608	2
2558	5609	2
2559	5612	4
2560	5615	5
2561	5617	1
2562	5627	4
2563	5628	5
2564	5629	2
2565	5630	3
2566	5636	5
2567	5641	1
2568	5642	1
2569	5643	3
2570	5644	1
2571	5645	4
2572	5646	1
2573	5648	4
2574	5649	4
2575	5650	1
2576	5657	1
2577	5659	5
2578	5665	1
2579	5671	1
2580	5672	2
2581	5677	4
2582	5678	5
2583	5680	4
2584	5682	3
2585	5683	4
2586	5685	3
2587	5687	3
2588	5691	5
2589	5694	3
2590	5695	2
2591	5698	4
2592	5700	2
2593	5702	3
2594	5704	4
2595	5706	2
2596	5708	5
2597	5709	1
2598	5714	3
2599	5719	4
2600	5720	3
2601	5721	5
2602	5725	4
2603	5727	3
2604	5728	2
2605	5729	4
2606	5730	2
2607	5732	4
2608	5733	1
2609	5734	5
2610	5735	2
2611	5736	4
2612	5738	5
2613	5739	5
2614	5741	1
2615	5744	4
2616	5745	5
2617	5746	1
2618	5748	2
2619	5749	3
2620	5754	1
2621	5757	2
2622	5758	5
2623	5760	4
2624	5761	5
2625	5763	3
2626	5765	3
2627	5767	2
2628	5771	4
2629	5773	1
2630	5774	4
2631	5775	4
2632	5777	4
2633	5781	2
2634	5782	5
2635	5783	3
2636	5785	4
2637	5786	1
2638	5788	2
2639	5790	4
2640	5791	3
2641	5795	3
2642	5796	2
2643	5800	2
2644	5801	5
2645	5805	5
2646	5806	4
2647	5808	1
2648	5810	1
2649	5813	3
2650	5814	5
2651	5815	1
2652	5816	2
2653	5824	1
2654	5825	1
2655	5827	2
2656	5828	3
2657	5829	1
2658	5834	4
2659	5836	2
2660	5837	1
2661	5839	4
2662	5842	5
2663	5843	5
2664	5845	5
2665	5846	2
2666	5848	2
2667	5850	2
2668	5851	4
2669	5853	5
2670	5855	1
2671	5856	3
2672	5857	4
2673	5863	3
2674	5864	3
2675	5866	3
2676	5869	5
2677	5875	5
2678	5877	5
2679	5883	5
2680	5885	3
2681	5887	1
2682	5888	2
2683	5889	1
2684	5893	2
2685	5895	3
2686	5897	2
2687	5898	2
2688	5901	5
2689	5902	3
2690	5903	1
2691	5906	2
2692	5908	3
2693	5909	5
2694	5914	5
2695	5915	4
2696	5916	5
2697	5922	1
2698	5924	2
2699	5927	1
2700	5928	3
2701	5929	2
2702	5931	3
2703	5933	3
2704	5934	1
2705	5935	4
2706	5938	1
2707	5939	1
2708	5941	5
2709	5942	2
2710	5943	5
2711	5947	4
2712	5948	1
2713	5956	5
2714	5959	3
2715	5960	3
2716	5964	4
2717	5968	1
2718	5969	1
2719	5973	2
2720	5974	5
2721	5975	2
2722	5977	2
2723	5980	2
2724	5983	5
2725	5984	4
2726	5990	1
2727	5991	4
2728	5999	5
2729	6003	1
2730	6005	4
2731	6006	2
2732	6008	2
2733	6009	5
2734	6011	5
2735	6012	5
2736	6013	4
2737	6014	2
2738	6018	2
2739	6020	2
2740	6021	4
2741	6023	5
2742	6025	4
2743	6026	1
2744	6029	1
2745	6030	5
2746	6031	4
2747	6032	2
2748	6033	4
2749	6037	5
2750	6039	3
2751	6041	1
2752	6046	3
2753	6048	2
2754	6050	1
2755	6052	5
2756	6055	1
2757	6056	3
2758	6057	2
2759	6058	3
2760	6061	3
2761	6063	2
2762	6065	3
2763	6067	4
2764	6068	3
2765	6070	3
2766	6074	4
2767	6075	2
2768	6076	1
2769	6078	1
2770	6079	2
2771	6080	5
2772	6082	4
2773	6083	4
2774	6088	5
2775	6089	1
2776	6090	4
2777	6091	1
2778	6092	5
2779	6095	3
2780	6096	3
2781	6097	1
2782	6098	1
2783	6101	4
2784	6102	5
2785	6104	3
2786	6105	3
2787	6109	3
2788	6112	1
2789	6113	4
2790	6115	1
2791	6116	5
2792	6118	5
2793	6123	1
2794	6124	5
2795	6134	2
2796	6135	5
2797	6136	5
2798	6140	3
2799	6142	5
2800	6145	1
2801	6146	3
2802	6147	1
2803	6148	3
2804	6149	3
2805	6151	3
2806	6161	1
2807	6163	5
2808	6165	5
2809	6166	5
2810	6167	5
2811	6169	4
2812	6171	2
2813	6172	4
2814	6176	3
2815	6177	5
2816	6179	2
2817	6184	5
2818	6185	2
2819	6187	2
2820	6190	4
2821	6191	1
2822	6196	1
2823	6198	3
2824	6201	2
2825	6203	1
2826	6207	5
2827	6214	2
2828	6215	2
2829	6217	4
2830	6220	1
2831	6224	3
2832	6226	3
2833	6227	4
2834	6231	3
2835	6232	4
2836	6234	2
2837	6235	2
2838	6236	4
2839	6238	4
2840	6241	2
2841	6243	2
2842	6249	3
2843	6250	5
2844	6255	3
2845	6259	3
2846	6260	2
2847	6263	4
2848	6264	5
2849	6265	2
2850	6272	4
2851	6274	3
2852	6277	5
2853	6281	2
2854	6282	5
2855	6283	2
2856	6287	4
2857	6288	5
2858	6290	1
2859	6291	1
2860	6297	5
2861	6305	5
2862	6306	5
2863	6307	2
2864	6308	5
2865	6313	5
2866	6314	2
2867	6316	4
2868	6318	4
2869	6319	1
2870	6322	4
2871	6326	5
2872	6327	3
2873	6329	2
2874	6330	4
2875	6337	4
2876	6339	1
2877	6342	4
2878	6343	5
2879	6347	1
2880	6348	3
2881	6355	4
2882	6359	3
2883	6360	2
2884	6362	4
2885	6363	3
2886	6365	3
2887	6366	4
2888	6368	3
2889	6369	5
2890	6370	5
2891	6372	1
2892	6373	4
2893	6377	3
2894	6379	1
2895	6384	5
2896	6385	3
2897	6387	2
2898	6388	2
2899	6395	4
2900	6396	5
2901	6397	1
2902	6398	4
2903	6399	5
2904	6402	5
2905	6403	1
2906	6409	1
2907	6410	5
2908	6412	3
2909	6413	4
2910	6414	1
2911	6415	3
2912	6416	5
2913	6418	4
2914	6420	2
2915	6421	4
2916	6423	1
2917	6426	5
2918	6430	3
2919	6434	5
2920	6435	1
2921	6436	1
2922	6439	1
2923	6440	2
2924	6442	5
2925	6444	4
2926	6445	2
2927	6446	1
2928	6447	5
2929	6451	5
2930	6453	4
2931	6454	4
2932	6458	1
2933	6459	1
2934	6460	4
2935	6461	2
2936	6463	5
2937	6465	1
2938	6467	5
2939	6471	3
2940	6472	1
2941	6474	3
2942	6475	4
2943	6476	5
2944	6478	2
2945	6479	4
2946	6482	4
2947	6489	3
2948	6492	5
2949	6494	5
2950	6498	3
2951	6500	4
2952	6501	2
2953	6502	3
2954	6507	4
2955	6508	3
2956	6511	3
2957	6514	3
2958	6516	3
2959	6521	5
2960	6522	2
2961	6524	3
2962	6526	4
2963	6531	2
2964	6533	1
2965	6536	1
2966	6538	3
2967	6540	5
2968	6541	4
2969	6542	2
2970	6543	2
2971	6546	1
2972	6547	4
2973	6548	2
2974	6551	2
2975	6553	5
2976	6559	2
2977	6561	5
2978	6563	5
2979	6564	5
2980	6565	4
2981	6568	1
2982	6569	1
2983	6573	1
2984	6575	2
2985	6576	1
2986	6577	1
2987	6578	5
2988	6582	3
2989	6583	5
2990	6586	3
2991	6588	1
2992	6592	2
2993	6595	5
2994	6596	5
2995	6598	4
2996	6599	2
2997	6600	2
2998	6603	5
2999	6604	2
3000	6605	5
3001	6606	5
3002	6608	5
3003	6614	4
3004	6616	3
3005	6617	5
3006	6618	2
3007	6619	2
3008	6620	1
3009	6634	5
3010	6638	1
3011	6639	2
3012	6641	3
3013	6642	1
3014	6643	4
3015	6644	1
3016	6646	5
3017	6647	1
3018	6648	5
3019	6653	4
3020	6660	1
3021	6661	3
3022	6663	4
3023	6664	4
3024	6667	3
3025	6668	3
3026	6670	3
3027	6671	1
3028	6673	5
3029	6675	5
3030	6676	3
3031	6677	1
3032	6678	3
3033	6680	2
3034	6681	5
3035	6684	3
3036	6687	2
3037	6689	3
3038	6691	5
3039	6692	4
3040	6693	3
3041	6695	5
3042	6698	1
3043	6700	5
3044	6704	4
3045	6705	2
3046	6706	4
3047	6711	1
3048	6713	1
3049	6719	4
3050	6720	2
3051	6722	1
3052	6723	3
3053	6731	2
3054	6736	3
3055	6740	3
3056	6747	3
3057	6749	4
3058	6751	4
3059	6752	2
3060	6758	2
3061	6760	5
3062	6761	1
3063	6762	4
3064	6765	3
3065	6766	2
3066	6768	2
3067	6772	2
3068	6773	3
3069	6774	2
3070	6781	5
3071	6782	5
3072	6784	4
3073	6790	1
3074	6792	4
3075	6793	5
3076	6795	1
3077	6797	4
3078	6798	5
3079	6799	2
3080	6804	3
3081	6806	1
3082	6807	4
3083	6808	5
3084	6809	2
3085	6812	5
3086	6813	2
3087	6814	5
3088	6815	1
3089	6825	4
3090	6832	5
3091	6833	1
3092	6834	4
3093	6835	2
3094	6837	4
3095	6840	1
3096	6842	1
3097	6844	1
3098	6845	3
3099	6846	2
3100	6848	1
3101	6850	5
3102	6852	5
3103	6853	1
3104	6859	3
3105	6860	4
3106	6861	3
3107	6862	5
3108	6863	5
3109	6869	5
3110	6871	1
3111	6873	3
3112	6875	3
3113	6880	1
3114	6881	5
3115	6882	4
3116	6884	4
3117	6888	2
3118	6892	4
3119	6893	1
3120	6897	4
3121	6898	5
3122	6901	2
3123	6903	1
3124	6906	5
3125	6907	1
3126	6910	2
3127	6911	4
3128	6912	4
3129	6913	1
3130	6914	3
3131	6916	3
3132	6917	5
3133	6918	1
3134	6919	4
3135	6920	3
3136	6923	3
3137	6924	4
3138	6925	2
3139	6927	5
3140	6928	3
3141	6929	2
3142	6936	2
3143	6940	2
3144	6941	5
3145	6942	5
3146	6943	5
3147	6948	5
3148	6952	5
3149	6953	3
3150	6956	1
3151	6963	5
3152	6965	4
3153	6966	1
3154	6968	2
3155	6969	3
3156	6972	2
3157	6973	3
3158	6975	5
3159	6976	4
3160	6977	1
3161	6979	4
3162	6980	5
3163	6981	1
3164	6985	1
3165	6986	5
3166	6987	3
3167	6988	2
3168	6989	2
3169	6991	2
3170	6992	2
3171	6996	1
3172	6998	1
3173	6999	4
3174	7001	2
3175	7002	3
3176	7005	5
3177	7006	4
3178	7007	5
3179	7009	1
3180	7010	1
3181	7011	3
3182	7012	3
3183	7013	3
3184	7014	2
3185	7017	5
3186	7019	5
3187	7020	4
3188	7022	4
3189	7024	3
3190	7025	3
3191	7026	2
3192	7035	4
3193	7038	5
3194	7040	2
3195	7042	3
3196	7043	1
3197	7047	2
3198	7048	1
3199	7049	2
3200	7050	1
3201	7051	5
3202	7052	5
3203	7054	3
3204	7055	2
3205	7056	5
3206	7057	3
3207	7059	2
3208	7061	3
3209	7062	1
3210	7064	3
3211	7065	2
3212	7066	1
3213	7067	4
3214	7070	2
3215	7075	3
3216	7076	2
3217	7077	2
3218	7078	4
3219	7079	4
3220	7080	4
3221	7081	5
3222	7086	3
3223	7087	3
3224	7089	3
3225	7091	3
3226	7092	1
3227	7093	1
3228	7094	3
3229	7097	4
3230	7098	5
3231	7102	4
3232	7105	3
3233	7107	2
3234	7109	3
3235	7111	3
3236	7112	5
3237	7118	1
3238	7119	2
3239	7122	1
3240	7127	1
3241	7129	1
3242	7130	3
3243	7133	2
3244	7134	4
3245	7135	4
3246	7136	3
3247	7137	5
3248	7142	2
3249	7143	3
3250	7144	1
3251	7148	1
3252	7149	4
3253	7150	4
3254	7152	3
3255	7154	5
3256	7155	1
3257	7160	4
3258	7162	2
3259	7163	4
3260	7169	4
3261	7171	4
3262	7172	5
3263	7173	2
3264	7174	5
3265	7175	2
3266	7176	5
3267	7177	3
3268	7179	5
3269	7180	3
3270	7181	1
3271	7184	3
3272	7191	5
3273	7195	2
3274	7196	2
3275	7198	2
3276	7200	5
3277	7207	2
3278	7208	5
3279	7209	5
3280	7212	2
3281	7214	5
3282	7215	5
3283	7217	3
3284	7221	2
3285	7222	4
3286	7224	5
3287	7225	5
3288	7226	2
3289	7228	2
3290	7229	4
3291	7233	1
3292	7237	4
3293	7240	4
3294	7241	4
3295	7247	3
3296	7249	5
3297	7251	4
3298	7252	4
3299	7254	2
3300	7258	1
3301	7261	5
3302	7262	5
3303	7263	2
3304	7264	1
3305	7265	1
3306	7267	2
3307	7268	2
3308	7271	1
3309	7273	5
3310	7276	1
3311	7277	4
3312	7278	2
3313	7288	1
3314	7290	3
3315	7291	4
3316	7292	3
3317	7294	5
3318	7295	3
3319	7296	3
3320	7298	1
3321	7304	4
3322	7305	5
3323	7306	3
3324	7311	5
3325	7314	4
3326	7316	1
3327	7317	5
3328	7320	5
3329	7324	2
3330	7325	5
3331	7327	4
3332	7328	4
3333	7329	4
3334	7332	5
3335	7335	2
3336	7336	3
3337	7337	4
3338	7339	3
3339	7341	4
3340	7342	5
3341	7343	1
3342	7344	3
3343	7346	4
3344	7348	1
3345	7350	4
3346	7351	2
3347	7352	5
3348	7359	1
3349	7360	3
3350	7365	5
3351	7367	4
3352	7368	2
3353	7369	3
3354	7370	1
3355	7371	2
3356	7373	4
3357	7374	1
3358	7376	5
3359	7378	3
3360	7379	4
3361	7381	5
3362	7382	5
3363	7383	4
3364	7384	2
3365	7385	4
3366	7387	4
3367	7390	1
3368	7391	2
3369	7392	2
3370	7393	1
3371	7394	1
3372	7395	2
3373	7396	5
3374	7397	4
3375	7398	2
3376	7402	3
3377	7403	3
3378	7404	1
3379	7408	1
3380	7409	4
3381	7410	4
3382	7411	3
3383	7412	4
3384	7414	2
3385	7416	3
3386	7418	4
3387	7421	1
3388	7422	4
3389	7423	4
3390	7426	3
3391	7428	4
3392	7430	2
3393	7431	3
3394	7433	4
3395	7441	2
3396	7442	4
3397	7444	4
3398	7446	2
3399	7449	4
3400	7450	4
3401	7451	1
3402	7453	3
3403	7457	3
3404	7459	1
3405	7460	3
3406	7464	3
3407	7465	1
3408	7466	1
3409	7468	2
3410	7469	5
3411	7470	1
3412	7473	1
3413	7474	1
3414	7475	3
3415	7476	2
3416	7477	3
3417	7480	2
3418	7482	3
3419	7486	3
3420	7487	2
3421	7488	1
3422	7490	1
3423	7492	5
3424	7494	4
3425	7495	1
3426	7497	2
3427	7499	5
3428	7500	1
3429	7501	5
3430	7503	1
3431	7505	4
3432	7506	5
3433	7508	1
3434	7509	5
3435	7511	4
3436	7516	1
3437	7519	3
3438	7521	2
3439	7523	2
3440	7524	2
3441	7525	5
3442	7527	2
3443	7528	1
3444	7530	4
3445	7531	5
3446	7532	4
3447	7533	1
3448	7535	3
3449	7541	3
3450	7543	3
3451	7546	2
3452	7549	4
3453	7550	2
3454	7551	1
3455	7552	2
3456	7553	2
3457	7556	2
3458	7558	3
3459	7568	1
3460	7571	4
3461	7572	4
3462	7573	5
3463	7574	3
3464	7576	4
3465	7580	3
3466	7582	3
3467	7583	4
3468	7585	2
3469	7587	4
3470	7588	5
3471	7592	2
3472	7593	1
3473	7594	5
3474	7596	1
3475	7597	5
3476	7598	2
3477	7601	5
3478	7602	2
3479	7603	5
3480	7604	4
3481	7608	2
3482	7612	3
3483	7614	5
3484	7616	4
3485	7618	3
3486	7622	3
3487	7624	1
3488	7627	3
3489	7632	4
3490	7634	4
3491	7638	5
3492	7640	1
3493	7643	3
3494	7645	1
3495	7646	3
3496	7648	2
3497	7652	5
3498	7655	3
3499	7659	4
3500	7662	2
3501	7663	2
3502	7667	2
3503	7669	4
3504	7671	1
3505	7673	4
3506	7674	5
3507	7675	2
3508	7676	5
3509	7677	4
3510	7679	2
3511	7680	5
3512	7684	1
3513	7688	2
3514	7692	2
3515	7693	1
3516	7694	2
3517	7695	5
3518	7696	3
3519	7697	3
3520	7699	4
3521	7701	4
3522	7705	4
3523	7706	2
3524	7707	2
3525	7713	4
3526	7714	4
3527	7715	5
3528	7718	3
3529	7720	1
3530	7723	1
3531	7724	5
3532	7726	1
3533	7727	1
3534	7733	2
3535	7734	2
3536	7741	2
3537	7744	3
3538	7745	2
3539	7746	3
3540	7749	5
3541	7752	3
3542	7755	1
3543	7759	1
3544	7761	2
3545	7763	5
3546	7765	4
3547	7766	1
3548	7767	3
3549	7768	2
3550	7771	2
3551	7777	2
3552	7779	3
3553	7781	3
3554	7783	3
3555	7785	1
3556	7786	5
3557	7787	2
3558	7788	2
3559	7789	1
3560	7790	4
3561	7795	1
3562	7803	1
3563	7805	4
3564	7806	3
3565	7808	1
3566	7812	1
3567	7813	4
3568	7816	5
3569	7818	4
3570	7819	1
3571	7820	3
3572	7821	4
3573	7822	4
3574	7824	3
3575	7825	2
3576	7828	1
3577	7830	4
3578	7831	5
3579	7833	2
3580	7834	4
3581	7837	2
3582	7838	5
3583	7840	4
3584	7842	1
3585	7847	5
3586	7859	2
3587	7860	5
3588	7862	5
3589	7863	3
3590	7866	4
3591	7867	3
3592	7869	2
3593	7871	2
3594	7873	1
3595	7876	4
3596	7878	2
3597	7880	3
3598	7885	5
3599	7886	2
3600	7887	2
3601	7888	1
3602	7892	4
3603	7896	5
3604	7899	2
3605	7901	2
3606	7906	1
3607	7908	3
3608	7910	2
3609	7912	3
3610	7915	2
3611	7917	1
3612	7919	4
3613	7921	2
3614	7923	4
3615	7924	5
3616	7925	2
3617	7926	2
3618	7927	3
3619	7929	1
3620	7931	4
3621	7932	2
3622	7933	1
3623	7940	1
3624	7942	4
3625	7943	1
3626	7944	4
3627	7948	3
3628	7950	5
3629	7952	5
3630	7954	5
3631	7956	4
3632	7959	4
3633	7960	4
3634	7962	3
3635	7964	1
3636	7966	3
3637	7967	2
3638	7968	2
3639	7969	1
3640	7971	4
3641	7972	1
3642	7973	4
3643	7976	5
3644	7977	2
3645	7978	3
3646	7979	4
3647	7980	5
3648	7981	4
3649	7984	5
3650	7985	4
3651	7986	5
3652	7988	2
3653	7990	4
3654	7991	2
3655	7992	3
3656	7993	1
3657	7994	5
3658	7995	4
3659	7996	5
3660	7997	4
3661	8001	1
3662	8003	1
3663	8005	1
3664	8007	4
3665	8009	3
3666	8010	5
3667	8013	2
3668	8014	2
3669	8017	3
3670	8018	1
3671	8019	4
3672	8021	3
3673	8022	5
3674	8025	1
3675	8028	4
3676	8029	3
3677	8031	4
3678	8032	2
3679	8035	3
3680	8038	4
3681	8040	4
3682	8044	2
3683	8045	4
3684	8046	1
3685	8047	1
3686	8048	2
3687	8051	2
3688	8052	1
3689	8053	5
3690	8054	2
3691	8057	3
3692	8059	4
3693	8062	2
3694	8064	1
3695	8065	2
3696	8068	3
3697	8069	4
3698	8072	5
3699	8076	2
3700	8078	5
3701	8081	4
3702	8083	3
3703	8085	1
3704	8086	4
3705	8088	3
3706	8091	5
3707	8093	2
3708	8095	3
3709	8096	4
3710	8097	2
3711	8098	4
3712	8101	4
3713	8105	5
3714	8106	1
3715	8107	2
3716	8110	1
3717	8113	5
3718	8116	5
3719	8117	4
3720	8120	1
3721	8121	2
3722	8124	1
3723	8125	4
3724	8126	4
3725	8127	2
3726	8130	1
3727	8131	4
3728	8133	4
3729	8135	4
3730	8139	1
3731	8142	3
3732	8143	2
3733	8144	2
3734	8147	1
3735	8148	5
3736	8151	3
3737	8152	3
3738	8153	4
3739	8157	2
3740	8159	5
3741	8161	5
3742	8162	3
3743	8164	4
3744	8166	3
3745	8167	4
3746	8170	3
3747	8172	1
3748	8173	1
3749	8176	1
3750	8177	5
3751	8178	2
3752	8183	1
3753	8184	1
3754	8185	4
3755	8187	1
3756	8191	4
3757	8193	4
3758	8195	5
3759	8196	1
3760	8198	5
3761	8199	2
3762	8205	2
3763	8208	3
3764	8209	5
3765	8210	5
3766	8211	2
3767	8217	3
3768	8218	3
3769	8221	1
3770	8227	2
3771	8236	1
3772	8237	1
3773	8239	4
3774	8240	5
3775	8244	3
3776	8245	2
3777	8247	5
3778	8249	1
3779	8250	5
3780	8252	3
3781	8253	3
3782	8257	3
3783	8260	2
3784	8262	2
3785	8263	2
3786	8264	5
3787	8266	2
3788	8272	4
3789	8274	4
3790	8276	1
3791	8285	5
3792	8286	4
3793	8290	5
3794	8291	2
3795	8296	4
3796	8297	4
3797	8298	4
3798	8300	2
3799	8301	4
3800	8302	3
3801	8305	3
3802	8306	5
3803	8308	1
3804	8309	4
3805	8311	1
3806	8312	4
3807	8314	2
3808	8315	3
3809	8317	3
3810	8318	3
3811	8324	5
3812	8329	1
3813	8332	5
3814	8334	3
3815	8336	1
3816	8337	3
3817	8339	3
3818	8340	2
3819	8341	4
3820	8342	1
3821	8343	1
3822	8350	1
3823	8352	4
3824	8355	1
3825	8357	2
3826	8359	1
3827	8365	2
3828	8366	5
3829	8367	3
3830	8368	1
3831	8370	5
3832	8372	2
3833	8373	2
3834	8374	3
3835	8380	5
3836	8381	2
3837	8383	4
3838	8386	3
3839	8388	1
3840	8391	5
3841	8392	3
3842	8393	3
3843	8394	4
3844	8399	1
3845	8400	3
3846	8403	2
3847	8405	4
3848	8408	4
3849	8409	2
3850	8411	2
3851	8412	5
3852	8413	1
3853	8415	2
3854	8420	3
3855	8423	1
3856	8424	2
3857	8428	5
3858	8430	1
3859	8431	4
3860	8434	4
3861	8435	1
3862	8437	5
3863	8438	1
3864	8439	3
3865	8440	3
3866	8441	5
3867	8449	2
3868	8450	1
3869	8453	5
3870	8458	3
3871	8460	2
3872	8464	3
3873	8467	4
3874	8469	4
3875	8472	1
3876	8474	1
3877	8478	3
3878	8480	2
3879	8481	2
3880	8483	3
3881	8484	2
3882	8485	5
3883	8487	5
3884	8489	1
3885	8496	3
3886	8500	5
3887	8501	4
3888	8505	4
3889	8506	5
3890	8507	1
3891	8508	5
3892	8510	5
3893	8512	3
3894	8514	2
3895	8518	4
3896	8520	2
3897	8523	1
3898	8524	2
3899	8525	5
3900	8526	4
3901	8528	2
3902	8529	2
3903	8530	4
3904	8532	3
3905	8533	2
3906	8534	4
3907	8535	5
3908	8537	1
3909	8538	3
3910	8540	2
3911	8541	3
3912	8544	1
3913	8545	2
3914	8547	5
3915	8549	2
3916	8551	2
3917	8552	4
3918	8553	3
3919	8555	2
3920	8556	3
3921	8559	5
3922	8560	5
3923	8562	2
3924	8564	5
3925	8566	3
3926	8567	1
3927	8569	3
3928	8570	3
3929	8573	3
3930	8574	3
3931	8579	4
3932	8580	1
3933	8582	2
3934	8583	2
3935	8585	4
3936	8590	4
3937	8592	3
3938	8595	5
3939	8596	4
3940	8599	1
3941	8600	2
3942	8604	3
3943	8609	4
3944	8611	1
3945	8612	5
3946	8616	4
3947	8617	1
3948	8619	3
3949	8621	2
3950	8622	2
3951	8623	4
3952	8624	4
3953	8625	1
3954	8627	4
3955	8630	1
3956	8633	5
3957	8634	3
3958	8635	1
3959	8637	2
3960	8639	3
3961	8640	3
3962	8642	5
3963	8643	1
3964	8644	3
3965	8646	4
3966	8648	3
3967	8651	4
3968	8655	5
3969	8659	1
3970	8662	3
3971	8664	3
3972	8666	4
3973	8669	5
3974	8672	2
3975	8674	1
3976	8677	1
3977	8679	4
3978	8680	4
3979	8684	2
3980	8685	3
3981	8686	2
3982	8687	4
3983	8688	4
3984	8689	1
3985	8697	5
3986	8703	3
3987	8705	1
3988	8714	2
3989	8717	5
3990	8719	5
3991	8720	2
3992	8721	2
3993	8722	3
3994	8724	2
3995	8729	4
3996	8734	5
3997	8735	2
3998	8738	5
3999	8740	1
4000	8741	4
4001	8745	4
4002	8747	5
4003	8748	4
4004	8752	2
4005	8753	1
4006	8754	5
4007	8759	3
4008	8761	4
4009	8762	1
4010	8763	1
4011	8764	4
4012	8768	4
4013	8770	5
4014	8771	1
4015	8779	5
4016	8781	5
4017	8785	4
4018	8787	4
4019	8788	1
4020	8790	1
4021	8791	5
4022	8792	5
4023	8793	2
4024	8795	2
4025	8797	1
4026	8799	1
4027	8805	5
4028	8807	4
4029	8809	2
4030	8810	5
4031	8813	5
4032	8814	4
4033	8815	1
4034	8817	2
4035	8818	3
4036	8819	3
4037	8822	4
4038	8824	2
4039	8826	3
4040	8828	1
4041	8830	3
4042	8833	5
4043	8834	3
4044	8839	2
4045	8840	5
4046	8842	1
4047	8844	5
4048	8845	5
4049	8846	1
4050	8849	5
4051	8851	5
4052	8852	5
4053	8854	4
4054	8858	2
4055	8859	1
4056	8860	2
4057	8861	5
4058	8864	2
4059	8865	2
4060	8866	2
4061	8870	4
4062	8876	1
4063	8877	3
4064	8879	3
4065	8880	1
4066	8882	5
4067	8883	2
4068	8885	2
4069	8886	2
4070	8887	5
4071	8888	4
4072	8889	1
4073	8891	3
4074	8893	4
4075	8894	3
4076	8896	5
4077	8897	2
4078	8898	2
4079	8899	4
4080	8907	5
4081	8908	4
4082	8910	3
4083	8911	3
4084	8913	2
4085	8918	3
4086	8921	5
4087	8922	1
4088	8923	2
4089	8925	1
4090	8929	2
4091	8933	2
4092	8934	3
4093	8936	4
4094	8937	1
4095	8938	5
4096	8944	2
4097	8945	5
4098	8946	4
4099	8947	5
4100	8949	1
4101	8951	4
4102	8952	4
4103	8953	3
4104	8955	3
4105	8956	3
4106	8957	5
4107	8958	2
4108	8962	1
4109	8964	1
4110	8965	2
4111	8966	3
4112	8968	3
4113	8970	1
4114	8974	2
4115	8975	5
4116	8976	2
4117	8977	5
4118	8980	5
4119	8981	3
4120	8986	4
4121	8988	3
4122	8989	1
4123	8990	2
4124	8991	4
4125	8992	2
4126	8993	2
4127	8995	4
4128	8997	4
4129	9000	4
4130	9002	2
4131	9003	5
4132	9004	1
4133	9005	4
4134	9006	1
4135	9007	4
4136	9009	1
4137	9010	2
4138	9012	3
4139	9013	2
4140	9016	1
4141	9018	2
4142	9020	2
4143	9021	4
4144	9022	2
4145	9023	1
4146	9024	1
4147	9028	2
4148	9029	3
4149	9030	2
4150	9033	3
4151	9034	4
4152	9038	2
4153	9040	3
4154	9041	4
4155	9042	2
4156	9043	2
4157	9044	1
4158	9047	5
4159	9051	4
4160	9054	4
4161	9055	3
4162	9057	5
4163	9060	4
4164	9063	4
4165	9064	1
4166	9065	4
4167	9066	4
4168	9069	2
4169	9070	5
4170	9072	5
4171	9074	4
4172	9076	2
4173	9077	1
4174	9083	3
4175	9084	1
4176	9085	5
4177	9086	3
4178	9088	5
4179	9089	2
4180	9090	1
4181	9092	3
4182	9093	5
4183	9094	1
4184	9098	1
4185	9102	4
4186	9103	1
4187	9109	3
4188	9112	2
4189	9116	3
4190	9117	4
4191	9120	2
4192	9121	4
4193	9122	5
4194	9131	3
4195	9132	1
4196	9133	4
4197	9135	1
4198	9138	1
4199	9142	3
4200	9149	5
4201	9150	3
4202	9154	3
4203	9155	4
4204	9157	1
4205	9158	5
4206	9159	2
4207	9162	2
4208	9163	1
4209	9164	2
4210	9165	2
4211	9166	2
4212	9167	4
4213	9168	4
4214	9169	2
4215	9170	5
4216	9174	1
4217	9175	3
4218	9176	4
4219	9177	2
4220	9178	2
4221	9180	3
4222	9187	1
4223	9188	2
4224	9190	5
4225	9191	2
4226	9193	3
4227	9194	1
4228	9195	1
4229	9197	5
4230	9198	1
4231	9201	5
4232	9205	3
4233	9208	4
4234	9209	4
4235	9210	2
4236	9211	1
4237	9214	3
4238	9219	5
4239	9220	5
4240	9221	1
4241	9222	4
4242	9224	4
4243	9225	2
4244	9226	5
4245	9227	3
4246	9229	5
4247	9230	2
4248	9236	5
4249	9237	5
4250	9238	5
4251	9239	4
4252	9240	4
4253	9241	5
4254	9250	5
4255	9252	3
4256	9254	3
4257	9255	4
4258	9260	1
4259	9261	3
4260	9264	3
4261	9265	3
4262	9267	3
4263	9269	4
4264	9278	5
4265	9285	2
4266	9288	1
4267	9292	4
4268	9295	4
4269	9296	5
4270	9299	2
4271	9300	3
4272	9301	1
4273	9302	3
4274	9303	3
4275	9304	4
4276	9308	5
4277	9309	5
4278	9310	2
4279	9311	5
4280	9314	3
4281	9315	1
4282	9318	5
4283	9320	5
4284	9322	4
4285	9323	3
4286	9325	4
4287	9326	4
4288	9331	4
4289	9334	4
4290	9336	4
4291	9338	3
4292	9340	4
4293	9341	4
4294	9342	4
4295	9343	4
4296	9344	5
4297	9345	3
4298	9346	1
4299	9350	1
4300	9353	4
4301	9354	5
4302	9356	3
4303	9357	5
4304	9359	4
4305	9364	3
4306	9369	3
4307	9370	4
4308	9372	5
4309	9373	5
4310	9376	2
4311	9377	4
4312	9379	5
4313	9382	3
4314	9384	3
4315	9385	1
4316	9387	2
4317	9389	3
4318	9390	4
4319	9391	2
4320	9392	3
4321	9395	4
4322	9396	1
4323	9397	1
4324	9399	2
4325	9401	4
4326	9405	2
4327	9407	5
4328	9409	4
4329	9412	5
4330	9413	2
4331	9414	5
4332	9415	1
4333	9418	3
4334	9420	3
4335	9424	5
4336	9426	4
4337	9429	3
4338	9430	5
4339	9433	2
4340	9434	2
4341	9435	4
4342	9441	3
4343	9444	3
4344	9445	2
4345	9446	3
4346	9448	3
4347	9452	2
4348	9453	2
4349	9454	1
4350	9457	4
4351	9459	5
4352	9461	4
4353	9462	3
4354	9463	1
4355	9465	5
4356	9466	3
4357	9468	3
4358	9469	5
4359	9471	1
4360	9474	1
4361	9476	2
4362	9477	3
4363	9480	5
4364	9484	1
4365	9487	4
4366	9490	1
4367	9491	3
4368	9492	4
4369	9495	1
4370	9497	4
4371	9499	1
4372	9500	3
4373	9501	2
4374	9502	5
4375	9503	3
4376	9505	3
4377	9508	5
4378	9509	1
4379	9510	4
4380	9512	5
4381	9513	4
4382	9515	3
4383	9518	5
4384	9519	2
4385	9520	3
4386	9524	2
4387	9525	2
4388	9526	3
4389	9528	2
4390	9531	5
4391	9532	5
4392	9537	1
4393	9538	1
4394	9543	5
4395	9545	5
4396	9548	4
4397	9549	3
4398	9550	3
4399	9552	5
4400	9554	3
4401	9555	4
4402	9557	5
4403	9560	5
4404	9565	4
4405	9566	3
4406	9569	2
4407	9574	2
4408	9578	5
4409	9581	5
4410	9583	4
4411	9584	5
4412	9585	5
4413	9586	2
4414	9587	1
4415	9591	5
4416	9592	5
4417	9594	4
4418	9600	1
4419	9603	2
4420	9609	1
4421	9610	2
4422	9612	1
4423	9613	5
4424	9616	3
4425	9618	5
4426	9620	4
4427	9621	3
4428	9623	3
4429	9624	5
4430	9625	5
4431	9626	3
4432	9629	1
4433	9630	4
4434	9632	3
4435	9635	1
4436	9636	1
4437	9642	5
4438	9644	2
4439	9648	4
4440	9651	1
4441	9652	3
4442	9653	5
4443	9654	1
4444	9656	3
4445	9658	5
4446	9659	2
4447	9664	5
4448	9665	3
4449	9667	1
4450	9669	1
4451	9670	2
4452	9672	3
4453	9673	2
4454	9675	4
4455	9676	2
4456	9677	2
4457	9678	5
4458	9679	2
4459	9681	3
4460	9682	1
4461	9684	4
4462	9687	1
4463	9688	2
4464	9690	5
4465	9691	3
4466	9697	4
4467	9698	3
4468	9699	1
4469	9700	4
4470	9701	5
4471	9702	3
4472	9706	1
4473	9707	3
4474	9709	4
4475	9712	4
4476	9713	2
4477	9714	1
4478	9716	4
4479	9718	5
4480	9720	2
4481	9721	5
4482	9722	2
4483	9728	3
4484	9729	2
4485	9732	4
4486	9733	3
4487	9734	1
4488	9736	3
4489	9737	4
4490	9739	4
4491	9740	3
4492	9747	2
4493	9751	1
4494	9753	4
4495	9756	4
4496	9757	1
4497	9758	1
4498	9760	1
4499	9768	3
4500	9771	2
4501	9772	2
4502	9774	3
4503	9779	5
4504	9780	1
4505	9782	1
4506	9785	3
4507	9786	5
4508	9787	4
4509	9788	2
4510	9792	3
4511	9793	4
4512	9795	2
4513	9796	3
4514	9798	2
4515	9803	5
4516	9805	4
4517	9807	2
4518	9808	4
4519	9809	1
4520	9810	2
4521	9813	1
4522	9814	1
4523	9816	2
4524	9818	2
4525	9819	4
4526	9820	3
4527	9821	3
4528	9827	5
4529	9830	1
4530	9832	3
4531	9833	5
4532	9834	4
4533	9836	2
4534	9837	2
4535	9839	5
4536	9843	2
4537	9845	3
4538	9847	1
4539	9849	5
4540	9850	1
4541	9851	1
4542	9855	2
4543	9856	1
4544	9857	5
4545	9858	5
4546	9859	2
4547	9860	5
4548	9862	1
4549	9863	1
4550	9864	2
4551	9866	1
4552	9867	1
4553	9868	1
4554	9873	3
4555	9874	3
4556	9875	5
4557	9877	2
4558	9878	4
4559	9879	5
4560	9880	1
4561	9882	2
4562	9883	2
4563	9885	3
4564	9886	1
4565	9888	4
4566	9891	3
4567	9892	5
4568	9894	3
4569	9897	1
4570	9898	4
4571	9900	2
4572	9901	1
4573	9904	5
4574	9905	5
4575	9907	4
4576	9909	2
4577	9910	2
4578	9914	1
4579	9918	1
4580	9919	5
4581	9924	4
4582	9925	1
4583	9928	4
4584	9930	2
4585	9932	4
4586	9937	1
4587	9938	5
4588	9941	4
4589	9942	1
4590	9943	3
4591	9953	1
4592	9954	5
4593	9958	5
4594	9959	4
4595	9960	1
4596	9961	2
4597	9965	2
4598	9968	4
4599	9969	3
4600	9970	4
4601	9971	1
4602	9973	3
4603	9976	5
4604	9977	1
4605	9979	1
4606	9980	5
4607	9983	2
4608	9984	2
4609	9986	4
4610	9990	1
4611	9992	5
4612	9994	2
4613	9995	4
4614	9998	1
4615	9999	1
4616	10001	4
4617	10005	4
4618	10006	3
4619	10009	5
4620	10010	5
4621	10011	5
4622	10013	2
4623	10014	5
4624	10016	3
4625	10020	1
4626	10022	2
4627	10026	3
4628	10029	1
4629	10031	2
4630	10032	1
4631	10033	4
4632	10034	3
4633	10036	4
4634	10037	4
4635	10040	3
4636	10041	1
4637	10042	4
4638	10043	4
4639	10044	1
4640	10045	5
4641	10047	1
4642	10053	5
4643	10056	4
4644	10057	2
4645	10058	4
4646	10059	2
4647	10061	3
4648	10063	2
4649	10065	5
4650	10066	5
4651	10071	4
4652	10072	5
4653	10074	1
4654	10077	4
4655	10078	1
4656	10084	1
4657	10086	5
4658	10089	1
4659	10090	4
4660	10091	1
4661	10092	3
4662	10093	1
4663	10097	2
4664	10102	2
4665	10103	4
4666	10105	4
4667	10106	4
4668	10107	3
4669	10108	1
4670	10113	4
4671	10115	1
4672	10116	3
4673	10120	4
4674	10123	2
4675	10125	5
4676	10126	2
4677	10128	1
4678	10130	1
4679	10135	1
4680	10136	2
4681	10137	1
4682	10139	5
4683	10141	2
4684	10143	3
4685	10144	2
4686	10145	5
4687	10149	2
4688	10150	1
4689	10152	5
4690	10153	4
4691	10159	5
4692	10160	5
4693	10163	4
4694	10166	4
4695	10173	4
4696	10174	2
4697	10176	1
4698	10177	5
4699	10180	4
4700	10182	3
4701	10183	2
4702	10184	4
4703	10187	2
4704	10189	5
4705	10190	1
4706	10191	4
4707	10192	5
4708	10193	2
4709	10194	5
4710	10199	1
4711	10205	2
4712	10212	4
4713	10213	5
4714	10215	4
4715	10217	4
4716	10219	5
4717	10220	5
4718	10222	5
4719	10223	3
4720	10229	5
4721	10230	2
4722	10233	4
4723	10235	5
4724	10236	1
4725	10240	3
4726	10242	1
4727	10243	3
4728	10247	4
4729	10248	1
4730	10251	3
4731	10252	1
4732	10253	3
4733	10254	2
4734	10257	4
4735	10258	3
4736	10261	2
4737	10264	4
4738	10265	2
4739	10266	3
4740	10270	2
4741	10271	3
4742	10273	5
4743	10275	4
4744	10277	3
4745	10278	3
4746	10279	2
4747	10280	1
4748	10281	1
4749	10283	4
4750	10284	1
4751	10288	1
4752	10292	5
4753	10298	2
4754	10300	4
4755	10301	5
4756	10303	5
4757	10305	4
4758	10307	2
4759	10309	1
4760	10320	1
4761	10325	5
4762	10326	5
4763	10331	4
4764	10332	1
4765	10333	5
4766	10339	4
4767	10343	1
4768	10344	3
4769	10345	4
4770	10347	5
4771	10348	2
4772	10351	3
4773	10352	4
4774	10354	2
4775	10357	3
4776	10366	5
4777	10367	4
4778	10371	3
4779	10375	1
4780	10379	1
4781	10380	3
4782	10381	3
4783	10383	2
4784	10385	3
4785	10387	5
4786	10389	4
4787	10390	3
4788	10398	5
4789	10402	3
4790	10414	4
4791	10416	5
4792	10417	1
4793	10418	1
4794	10419	4
4795	10420	1
4796	10426	5
4797	10429	5
4798	10431	4
4799	10436	4
4800	10438	2
4801	10441	4
4802	10442	5
4803	10444	3
4804	10445	2
4805	10450	3
4806	10453	4
4807	10454	3
4808	10455	2
4809	10461	3
4810	10462	1
4811	10466	4
4812	10467	1
4813	10468	4
4814	10472	3
4815	10474	3
4816	10475	5
4817	10476	3
4818	10477	1
4819	10479	4
4820	10480	2
4821	10481	5
4822	10482	1
4823	10484	4
4824	10492	1
4825	10493	4
4826	10495	3
4827	10498	4
4828	10499	3
4829	10500	5
4830	10503	4
4831	10504	4
4832	10506	4
4833	10508	4
4834	10509	2
4835	10514	5
4836	10521	5
4837	10523	5
4838	10525	3
4839	10526	5
4840	10527	4
4841	10530	2
4842	10533	5
4843	10535	5
4844	10536	3
4845	10538	5
4846	10540	4
4847	10542	4
4848	10543	1
4849	10544	4
4850	10546	3
4851	10547	3
4852	10548	1
4853	10549	1
4854	10558	4
4855	10561	2
4856	10565	4
4857	10567	3
4858	10568	1
4859	10569	4
4860	10571	2
4861	10572	4
4862	10573	1
4863	10574	3
4864	10576	4
4865	10578	2
4866	10581	4
4867	10584	5
4868	10586	1
4869	10587	3
4870	10590	2
4871	10591	1
4872	10592	3
4873	10596	3
4874	10598	5
4875	10599	4
4876	10603	1
4877	10604	2
4878	10605	2
4879	10606	2
4880	10607	5
4881	10610	4
4882	10612	2
4883	10613	1
4884	10616	3
4885	10619	5
4886	10620	5
4887	10621	3
4888	10622	1
4889	10625	3
4890	10627	3
4891	10628	3
4892	10631	3
4893	10632	4
4894	10634	4
4895	10637	3
4896	10638	3
4897	10639	5
4898	10642	4
4899	10643	2
4900	10644	3
4901	10649	3
4902	10650	4
4903	10651	1
4904	10653	4
4905	10654	1
4906	10656	4
4907	10658	5
4908	10662	1
4909	10663	3
4910	10665	2
4911	10666	1
4912	10667	5
4913	10670	5
4914	10671	1
4915	10674	2
4916	10676	5
4917	10679	4
4918	10681	4
4919	10691	5
4920	10692	4
4921	10693	3
4922	10694	5
4923	10696	2
4924	10701	5
4925	10703	1
4926	10709	3
4927	10710	5
4928	10713	1
4929	10714	4
4930	10719	2
4931	10721	2
4932	10724	4
4933	10729	5
4934	10734	1
4935	10737	4
4936	10742	3
4937	10743	1
4938	10745	1
4939	10751	1
4940	10753	2
4941	10754	5
4942	10755	5
4943	10756	4
4944	10759	3
4945	10760	2
4946	10763	4
4947	10764	1
4948	10766	3
4949	10771	5
4950	10772	1
4951	10774	1
4952	10775	2
4953	10776	5
4954	10782	5
4955	10783	5
4956	10784	2
4957	10790	3
4958	10794	4
4959	10796	5
4960	10797	5
4961	10805	4
4962	10807	3
4963	10812	5
4964	10815	2
4965	10817	3
4966	10818	4
4967	10819	3
4968	10821	3
4969	10822	4
4970	10827	1
4971	10829	5
4972	10832	2
4973	10833	4
4974	10836	5
4975	10837	3
4976	10844	4
4977	10845	1
4978	10847	1
4979	10858	2
4980	10860	5
4981	10864	5
4982	10865	2
4983	10866	1
4984	10867	3
4985	10868	3
4986	10871	5
4987	10872	1
4988	10876	4
4989	10877	3
4990	10879	1
4991	10881	3
4992	10888	3
4993	10893	5
4994	10894	5
4995	10897	2
4996	10899	4
4997	10902	3
4998	10905	5
4999	10914	3
5000	10917	4
5001	10918	4
5002	10920	5
5003	10921	2
5004	10922	4
5005	10924	1
5006	10929	1
5007	10930	5
5008	10932	1
5009	10934	1
5010	10936	4
5011	10939	2
5012	10940	1
5013	10944	4
5014	10946	3
5015	10947	4
5016	10950	1
5017	10952	4
5018	10955	5
5019	10956	1
5020	10958	4
5021	10960	3
5022	10962	1
5023	10963	4
5024	10966	1
5025	10968	5
5026	10970	3
5027	10972	4
5028	10974	1
5029	10975	3
5030	10977	1
5031	10978	3
5032	10980	5
5033	10981	4
5034	10982	2
5035	10983	1
5036	10988	1
5037	10992	5
5038	10993	5
5039	10994	4
5040	10995	5
5041	10997	3
5042	11000	5
5043	11001	1
5044	11003	2
5045	11005	3
5046	11006	1
5047	11007	2
5048	11008	5
5049	11010	1
5050	11012	5
5051	11017	3
5052	11018	1
5053	11021	2
5054	11024	3
5055	11026	1
5056	11029	2
5057	11033	5
5058	11034	3
5059	11037	3
5060	11038	2
5061	11041	1
5062	11043	1
5063	11045	2
5064	11048	5
5065	11049	3
5066	11050	3
5067	11051	2
5068	11052	1
5069	11055	3
5070	11057	3
5071	11058	5
5072	11059	5
5073	11062	1
5074	11063	3
5075	11064	4
5076	11069	4
5077	11071	5
5078	11073	3
5079	11074	1
5080	11079	2
5081	11080	5
5082	11082	5
5083	11083	2
5084	11084	3
5085	11086	2
5086	11087	2
5087	11089	3
5088	11091	4
5089	11093	5
5090	11094	2
5091	11095	1
5092	11098	2
5093	11099	1
5094	11100	3
5095	11101	1
5096	11103	2
5097	11105	3
5098	11106	1
5099	11107	2
5100	11110	4
5101	11112	1
5102	11113	4
5103	11115	2
5104	11116	3
5105	11120	4
5106	11122	2
5107	11124	4
5108	11128	3
5109	11131	2
5110	11133	4
5111	11137	5
5112	11138	4
5113	11139	4
5114	11140	4
5115	11142	4
5116	11147	4
5117	11148	3
5118	11153	5
5119	11154	2
5120	11156	4
5121	11157	1
5122	11158	2
5123	11162	5
5124	11163	1
5125	11164	1
5126	11165	1
5127	11166	3
5128	11167	5
5129	11169	3
5130	11172	5
5131	11174	2
5132	11176	4
5133	11177	3
5134	11178	1
5135	11179	3
5136	11182	2
5137	11184	1
5138	11188	1
5139	11193	2
5140	11197	3
5141	11201	5
5142	11202	2
5143	11204	5
5144	11206	3
5145	11208	2
5146	11209	2
5147	11210	3
5148	11213	2
5149	11215	2
5150	11216	1
5151	11217	4
5152	11219	4
5153	11222	1
5154	11227	5
5155	11229	5
5156	11232	5
5157	11235	5
5158	11237	5
5159	11240	3
5160	11241	5
5161	11242	3
5162	11244	3
5163	11246	2
5164	11247	2
5165	11248	5
5166	11249	1
5167	11251	1
5168	11253	5
5169	11255	5
5170	11258	4
5171	11260	4
5172	11261	4
5173	11264	3
5174	11265	4
5175	11266	4
5176	11270	2
5177	11271	2
5178	11272	4
5179	11274	5
5180	11275	4
5181	11278	3
5182	11282	2
5183	11284	3
5184	11289	5
5185	11291	2
5186	11295	4
5187	11296	5
5188	11297	4
5189	11298	5
5190	11299	2
5191	11302	1
5192	11304	3
5193	11306	5
5194	11307	4
5195	11308	5
5196	11312	2
5197	11314	2
5198	11316	1
5199	11317	5
5200	11318	3
5201	11319	1
5202	11320	4
5203	11321	3
5204	11322	2
5205	11327	3
5206	11328	5
5207	11329	2
5208	11330	1
5209	11332	1
5210	11333	4
5211	11335	2
5212	11338	2
5213	11339	5
5214	11342	3
5215	11343	3
5216	11344	4
5217	11345	1
5218	11347	4
5219	11349	1
5220	11351	1
5221	11352	1
5222	11353	4
5223	11358	3
5224	11362	3
5225	11364	1
5226	11370	1
5227	11372	2
5228	11373	2
5229	11378	4
5230	11383	5
5231	11385	4
5232	11388	4
5233	11390	2
5234	11391	2
5235	11395	5
5236	11397	1
5237	11400	3
5238	11401	4
5239	11409	4
5240	11410	4
5241	11414	1
5242	11415	4
5243	11418	2
5244	11419	2
5245	11420	5
5246	11422	4
5247	11423	1
5248	11424	5
5249	11425	2
5250	11426	5
5251	11431	1
5252	11432	2
5253	11433	1
5254	11436	3
5255	11441	4
5256	11442	5
5257	11445	1
5258	11447	5
5259	11450	2
5260	11451	5
5261	11453	5
5262	11455	2
5263	11457	1
5264	11458	3
5265	11464	5
5266	11465	4
5267	11467	1
5268	11468	3
5269	11471	1
5270	11472	2
5271	11473	5
5272	11477	2
5273	11478	1
5274	11479	2
5275	11487	5
5276	11490	4
5277	11491	5
5278	11492	1
5279	11494	2
5280	11495	5
5281	11499	3
5282	11501	4
5283	11502	1
5284	11503	4
5285	11507	1
5286	11508	1
5287	11509	1
5288	11510	1
5289	11511	4
5290	11512	3
5291	11513	2
5292	11514	2
5293	11515	5
5294	11516	2
5295	11522	3
5296	11526	1
5297	11528	3
5298	11530	1
5299	11532	2
5300	11533	5
5301	11535	1
5302	11536	1
5303	11537	1
5304	11539	5
5305	11541	1
5306	11544	2
5307	11546	1
5308	11547	5
5309	11549	4
5310	11550	3
5311	11551	1
5312	11552	3
5313	11553	3
5314	11557	3
5315	11560	5
5316	11561	3
5317	11562	3
5318	11564	4
5319	11566	3
5320	11568	1
5321	11569	1
5322	11571	2
5323	11574	5
5324	11575	4
5325	11576	1
5326	11579	5
5327	11581	3
5328	11582	3
5329	11584	4
5330	11587	1
5331	11595	2
5332	11596	2
5333	11598	5
5334	11599	2
5335	11600	1
5336	11604	4
5337	11605	2
5338	11611	4
5339	11612	4
5340	11615	1
5341	11616	3
5342	11617	4
5343	11618	5
5344	11621	1
5345	11623	1
5346	11625	4
5347	11626	5
5348	11630	3
5349	11632	4
5350	11638	1
5351	11639	2
5352	11640	4
5353	11643	5
5354	11644	2
5355	11645	4
5356	11647	4
5357	11649	4
5358	11650	4
5359	11653	5
5360	11656	5
5361	11658	5
5362	11660	5
5363	11661	1
5364	11662	2
5365	11663	3
5366	11664	1
5367	11666	2
5368	11668	5
5369	11669	1
5370	11674	1
5371	11676	3
5372	11682	2
5373	11683	2
5374	11684	4
5375	11692	4
5376	11696	4
5377	11699	1
5378	11701	5
5379	11702	5
5380	11706	1
5381	11708	5
5382	11711	5
5383	11713	2
5384	11714	4
5385	11715	4
5386	11720	2
5387	11721	2
5388	11722	5
5389	11723	3
5390	11724	5
5391	11728	1
5392	11730	3
5393	11734	1
5394	11739	1
5395	11740	1
5396	11743	4
5397	11744	2
5398	11746	3
5399	11747	3
5400	11748	1
5401	11749	1
5402	11750	5
5403	11752	1
5404	11754	2
5405	11756	1
5406	11760	2
5407	11762	3
5408	11764	5
5409	11766	5
5410	11767	5
5411	11772	5
5412	11773	1
5413	11774	3
5414	11775	1
5415	11776	5
5416	11777	5
5417	11778	5
5418	11780	1
5419	11781	3
5420	11782	1
5421	11783	1
5422	11788	3
5423	11789	4
5424	11790	5
5425	11793	4
5426	11794	3
5427	11795	2
5428	11796	1
5429	11797	4
5430	11798	5
5431	11803	5
5432	11805	2
5433	11806	2
5434	11807	1
5435	11810	2
5436	11811	3
5437	11813	5
5438	11816	5
5439	11817	5
5440	11818	3
5441	11819	4
5442	11824	2
5443	11826	3
5444	11827	5
5445	11831	4
5446	11832	2
5447	11835	2
5448	11836	5
5449	11841	2
5450	11842	1
5451	11844	3
5452	11845	1
5453	11848	4
5454	11850	2
5455	11851	2
5456	11853	4
5457	11855	4
5458	11856	3
5459	11857	5
5460	11864	4
5461	11865	1
5462	11866	5
5463	11867	5
5464	11868	1
5465	11872	2
5466	11873	1
5467	11875	5
5468	11876	5
5469	11877	1
5470	11879	1
5471	11881	5
5472	11884	1
5473	11886	5
5474	11887	3
5475	11888	2
5476	11889	4
5477	11890	3
5478	11893	4
5479	11895	1
5480	11898	5
5481	11900	1
5482	11901	5
5483	11903	3
5484	11904	5
5485	11907	2
5486	11912	4
5487	11913	1
5488	11914	2
5489	11915	4
5490	11917	4
5491	11918	5
5492	11920	2
5493	11922	5
5494	11923	4
5495	11924	1
5496	11925	3
5497	11928	4
5498	11929	1
5499	11932	2
5500	11933	5
5501	11939	1
5502	11942	1
5503	11943	3
5504	11944	2
5505	11945	5
5506	11947	1
5507	11948	2
5508	11951	4
5509	11953	5
5510	11954	4
5511	11956	5
5512	11958	3
5513	11959	5
5514	11961	5
5515	11963	4
5516	11965	1
5517	11967	4
5518	11968	1
5519	11972	4
5520	11973	2
5521	11976	2
5522	11977	2
5523	11978	3
5524	11979	5
5525	11981	2
5526	11984	3
5527	11985	4
5528	11988	3
5529	11989	4
5530	11992	4
5531	11993	1
5532	11995	5
5533	11996	4
5534	11999	5
5535	12005	5
5536	12006	5
5537	12008	5
5538	12011	5
5539	12012	5
5540	12013	5
5541	12014	5
5542	12017	1
5543	12018	2
5544	12019	3
5545	12021	2
5546	12024	3
5547	12025	5
5548	12028	2
5549	12029	3
5550	12030	5
5551	12031	1
5552	12032	2
5553	12033	2
5554	12034	2
5555	12036	3
5556	12037	5
5557	12038	1
5558	12042	4
5559	12043	5
5560	12045	1
5561	12046	3
5562	12048	3
5563	12051	5
5564	12052	2
5565	12062	5
5566	12066	2
5567	12070	2
5568	12071	1
5569	12074	5
5570	12075	5
5571	12076	2
5572	12078	2
5573	12080	5
5574	12081	5
5575	12082	5
5576	12085	1
5577	12086	5
5578	12087	5
5579	12088	1
5580	12089	5
5581	12093	2
5582	12095	1
5583	12096	1
5584	12097	3
5585	12099	5
5586	12103	3
5587	12105	4
5588	12108	3
5589	12110	2
5590	12114	5
5591	12115	4
5592	12121	5
5593	12124	5
5594	12126	3
5595	12128	2
5596	12129	3
5597	12130	4
5598	12132	1
5599	12133	2
5600	12139	5
5601	12140	4
5602	12141	4
5603	12142	5
5604	12144	5
5605	12145	5
5606	12146	1
5607	12149	1
5608	12152	4
5609	12154	3
5610	12157	5
5611	12161	3
5612	12165	1
5613	12167	5
5614	12168	3
5615	12170	3
5616	12171	4
5617	12172	4
5618	12174	5
5619	12176	1
5620	12177	2
5621	12178	2
5622	12180	1
5623	12182	5
5624	12183	2
5625	12186	1
5626	12187	3
5627	12188	1
5628	12189	4
5629	12190	2
5630	12191	4
5631	12192	3
5632	12194	1
5633	12196	1
5634	12197	4
5635	12201	5
5636	12207	5
5637	12210	2
5638	12211	2
5639	12213	4
5640	12214	5
5641	12221	3
5642	12224	1
5643	12227	1
5644	12232	3
5645	12235	5
5646	12236	5
5647	12237	1
5648	12239	2
5649	12240	1
5650	12244	1
5651	12245	5
5652	12246	1
5653	12248	2
5654	12253	1
5655	12254	2
5656	12260	2
5657	12261	3
5658	12263	4
5659	12272	5
5660	12274	2
5661	12276	5
5662	12279	4
5663	12288	1
5664	12289	4
5665	12291	2
5666	12295	4
5667	12296	3
5668	12302	3
5669	12303	5
5670	12304	3
5671	12306	3
5672	12307	1
5673	12309	2
5674	12312	4
5675	12316	1
5676	12318	4
5677	12320	3
5678	12321	3
5679	12325	3
5680	12328	3
5681	12329	5
5682	12330	4
5683	12334	4
5684	12336	5
5685	12337	3
5686	12338	1
5687	12344	5
5688	12347	2
5689	12348	3
5690	12349	3
5691	12350	3
5692	12352	1
5693	12353	4
5694	12356	1
5695	12362	3
5696	12363	3
5697	12364	5
5698	12365	1
5699	12367	1
5700	12374	3
5701	12375	3
5702	12380	3
5703	12381	4
5704	12383	1
5705	12388	4
5706	12390	5
5707	12391	3
5708	12392	4
5709	12394	1
5710	12398	1
5711	12400	4
5712	12401	1
5713	12403	1
5714	12408	1
5715	12409	4
5716	12422	5
5717	12424	2
5718	12425	2
5719	12427	5
5720	12434	3
5721	12435	4
5722	12436	3
5723	12439	3
5724	12441	3
5725	12443	3
5726	12444	5
5727	12449	3
5728	12451	4
5729	12453	5
5730	12455	4
5731	12460	4
5732	12463	4
5733	12465	2
5734	12466	1
5735	12468	3
5736	12469	5
5737	12470	5
5738	12471	2
5739	12474	4
5740	12475	1
5741	12476	5
5742	12477	4
5743	12478	2
5744	12480	4
5745	12481	2
5746	12482	5
5747	12492	1
5748	12494	4
5749	12496	1
5750	12497	2
5751	12498	5
5752	12501	1
5753	12503	4
5754	12510	4
5755	12512	4
5756	12514	5
5757	12517	3
5758	12529	5
5759	12530	2
5760	12534	3
5761	12536	2
5762	12538	3
5763	12540	4
5764	12542	1
5765	12545	1
5766	12546	3
5767	12548	4
5768	12549	2
5769	12550	2
5770	12551	2
5771	12552	3
5772	12554	2
5773	12555	1
5774	12556	2
5775	12558	3
5776	12561	2
5777	12563	2
5778	12564	2
5779	12565	1
5780	12568	5
5781	12571	3
5782	12572	4
5783	12573	2
5784	12574	1
5785	12575	3
5786	12577	1
5787	12579	5
5788	12582	5
5789	12585	5
5790	12588	1
5791	12589	4
5792	12591	3
5793	12592	4
5794	12593	5
5795	12595	2
5796	12597	5
5797	12599	3
5798	12600	2
5799	12602	2
5800	12603	2
5801	12605	1
5802	12614	4
5803	12615	5
5804	12620	5
5805	12621	2
5806	12622	4
5807	12624	4
5808	12627	2
5809	12630	3
5810	12631	3
5811	12632	2
5812	12635	2
5813	12640	3
5814	12643	1
5815	12644	4
5816	12646	2
5817	12651	3
5818	12653	1
5819	12655	2
5820	12658	3
5821	12659	5
5822	12662	2
5823	12663	4
5824	12665	4
5825	12667	5
5826	12668	4
5827	12669	5
5828	12673	2
5829	12674	4
5830	12675	2
5831	12679	1
5832	12686	4
5833	12687	4
5834	12688	1
5835	12691	3
5836	12694	2
5837	12698	2
5838	12700	4
5839	12703	2
5840	12705	1
5841	12708	1
5842	12709	1
5843	12711	1
5844	12712	3
5845	12716	1
5846	12717	1
5847	12718	5
5848	12719	2
5849	12721	1
5850	12722	3
5851	12724	5
5852	12726	5
5853	12727	4
5854	12729	3
5855	12730	3
5856	12733	1
5857	12738	4
5858	12740	2
5859	12741	2
5860	12745	2
5861	12747	4
5862	12748	4
5863	12752	5
5864	12755	5
5865	12756	2
5866	12758	4
5867	12762	3
5868	12764	3
5869	12765	3
5870	12768	4
5871	12773	2
5872	12774	1
5873	12776	5
5874	12778	4
5875	12780	2
5876	12783	3
5877	12785	4
5878	12786	3
5879	12791	2
5880	12794	3
5881	12795	4
5882	12798	4
5883	12801	4
5884	12802	5
5885	12803	2
5886	12807	1
5887	12808	4
5888	12810	2
5889	12811	3
5890	12812	1
5891	12818	2
5892	12820	4
5893	12821	4
5894	12823	5
5895	12824	3
5896	12826	1
5897	12827	3
5898	12829	2
5899	12830	5
5900	12832	1
5901	12837	3
5902	12841	1
5903	12842	2
5904	12844	4
5905	12845	4
5906	12849	5
5907	12851	1
5908	12853	4
5909	12854	3
5910	12855	1
5911	12858	2
5912	12861	2
5913	12865	1
5914	12866	4
5915	12868	1
5916	12869	1
5917	12873	4
5918	12876	5
5919	12877	1
5920	12878	3
5921	12879	5
5922	12880	2
5923	12883	2
5924	12885	4
5925	12886	5
5926	12887	5
5927	12889	4
5928	12890	1
5929	12891	4
5930	12892	4
5931	12893	5
5932	12896	4
5933	12897	1
5934	12898	4
5935	12899	2
5936	12904	1
5937	12905	1
5938	12907	1
5939	12908	4
5940	12913	4
5941	12917	5
5942	12920	4
5943	12922	1
5944	12923	2
5945	12925	4
5946	12927	1
5947	12928	3
5948	12929	4
5949	12930	3
5950	12931	2
5951	12932	1
5952	12933	1
5953	12936	3
5954	12940	2
5955	12941	2
5956	12943	3
5957	12945	1
5958	12947	1
5959	12949	1
5960	12951	5
5961	12958	1
5962	12960	4
5963	12964	4
5964	12966	2
5965	12968	1
5966	12974	1
5967	12976	5
5968	12977	5
5969	12978	1
5970	12979	5
5971	12980	1
5972	12982	1
5973	12983	4
5974	12985	3
5975	12987	5
5976	12989	3
5977	12990	4
5978	12993	4
5979	12994	5
5980	12996	4
5981	13000	1
5982	13002	3
5983	13003	5
5984	13005	2
5985	13006	5
5986	13009	2
5987	13013	3
5988	13014	1
5989	13015	3
5990	13016	3
5991	13018	3
5992	13025	4
5993	13035	4
5994	13038	5
5995	13040	2
5996	13042	1
5997	13043	3
5998	13045	3
5999	13050	2
6000	13051	2
6001	13052	4
6002	13054	5
6003	13055	2
6004	13057	2
6005	13060	5
6006	13061	5
6007	13062	5
6008	13066	5
6009	13069	2
6010	13070	5
6011	13072	3
6012	13074	5
6013	13080	1
6014	13083	2
6015	13085	3
6016	13096	3
6017	13098	2
6018	13099	4
6019	13100	4
6020	13101	2
6021	13105	2
6022	13109	1
6023	13113	1
6024	13116	2
6025	13119	2
6026	13121	4
6027	13123	4
6028	13124	2
6029	13125	2
6030	13128	3
6031	13129	2
6032	13132	4
6033	13134	5
6034	13135	5
6035	13138	5
6036	13141	3
6037	13142	5
6038	13143	1
6039	13144	1
6040	13145	2
6041	13150	4
6042	13153	2
6043	13156	4
6044	13158	5
6045	13159	1
6046	13160	2
6047	13162	2
6048	13164	5
6049	13165	4
6050	13167	3
6051	13168	5
6052	13172	2
6053	13177	5
6054	13178	1
6055	13180	4
6056	13183	4
6057	13185	1
6058	13186	4
6059	13188	3
6060	13191	3
6061	13193	4
6062	13194	5
6063	13196	2
6064	13199	5
6065	13201	1
6066	13202	3
6067	13205	2
6068	13207	3
6069	13208	4
6070	13210	5
6071	13212	2
6072	13215	3
6073	13216	3
6074	13218	3
6075	13219	4
6076	13220	3
6077	13223	1
6078	13224	3
6079	13225	2
6080	13226	5
6081	13229	4
6082	13233	1
6083	13238	1
6084	13240	5
6085	13241	3
6086	13242	3
6087	13243	4
6088	13245	1
6089	13246	2
6090	13247	1
6091	13248	3
6092	13250	5
6093	13255	3
6094	13257	3
6095	13258	4
6096	13261	2
6097	13263	2
6098	13264	5
6099	13266	3
6100	13268	5
6101	13269	5
6102	13270	4
6103	13272	3
6104	13276	2
6105	13277	4
6106	13278	2
6107	13279	3
6108	13280	1
6109	13282	1
6110	13283	4
6111	13285	1
6112	13291	3
6113	13292	2
6114	13295	5
6115	13301	5
6116	13302	1
6117	13303	2
6118	13304	2
6119	13306	5
6120	13307	2
6121	13309	1
6122	13310	4
6123	13311	3
6124	13315	1
6125	13320	1
6126	13321	2
6127	13324	3
6128	13325	1
6129	13327	4
6130	13328	2
6131	13329	2
6132	13330	4
6133	13333	5
6134	13334	5
6135	13337	5
6136	13338	3
6137	13340	5
6138	13341	3
6139	13342	1
6140	13344	2
6141	13345	4
6142	13346	2
6143	13351	3
6144	13360	2
6145	13364	3
6146	13367	2
6147	13368	1
6148	13369	3
6149	13372	1
6150	13373	2
6151	13374	4
6152	13375	1
6153	13377	5
6154	13379	2
6155	13382	2
6156	13384	4
6157	13385	1
6158	13388	3
6159	13390	3
6160	13391	2
6161	13394	4
6162	13397	3
6163	13401	4
6164	13402	3
6165	13403	3
6166	13404	1
6167	13406	2
6168	13410	1
6169	13413	5
6170	13414	5
6171	13416	3
6172	13418	2
6173	13419	2
6174	13421	3
6175	13422	5
6176	13425	3
6177	13426	1
6178	13428	3
6179	13432	3
6180	13435	1
6181	13441	3
6182	13443	4
6183	13444	5
6184	13446	5
6185	13449	4
6186	13450	3
6187	13451	2
6188	13453	1
6189	13456	5
6190	13461	5
6191	13462	5
6192	13463	4
6193	13467	3
6194	13468	5
6195	13469	3
6196	13471	2
6197	13473	5
6198	13475	1
6199	13479	5
6200	13480	5
6201	13485	4
6202	13487	2
6203	13488	3
6204	13489	2
6205	13493	4
6206	13496	5
6207	13499	3
6208	13500	5
6209	13503	4
6210	13506	3
6211	13509	2
6212	13512	4
6213	13516	3
6214	13517	3
6215	13518	3
6216	13519	5
6217	13520	3
6218	13521	1
6219	13522	2
6220	13528	3
6221	13530	2
6222	13532	1
6223	13533	3
6224	13536	3
6225	13537	5
6226	13538	2
6227	13539	1
6228	13541	3
6229	13542	1
6230	13545	4
6231	13546	5
6232	13549	5
6233	13552	3
6234	13556	3
6235	13560	5
6236	13561	3
6237	13562	2
6238	13563	2
6239	13564	2
6240	13565	4
6241	13566	2
6242	13567	3
6243	13570	3
6244	13571	3
6245	13572	4
6246	13574	1
6247	13576	4
6248	13577	5
6249	13580	5
6250	13581	2
6251	13585	3
6252	13587	1
6253	13588	1
6254	13589	4
6255	13590	2
6256	13591	4
6257	13594	4
6258	13595	4
6259	13598	5
6260	13599	4
6261	13603	2
6262	13604	1
6263	13609	3
6264	13610	1
6265	13613	3
6266	13615	1
6267	13616	5
6268	13617	3
6269	13619	3
6270	13621	4
6271	13622	3
6272	13624	3
6273	13625	5
6274	13631	5
6275	13632	5
6276	13633	3
6277	13638	1
6278	13640	3
6279	13641	1
6280	13645	2
6281	13647	3
6282	13648	4
6283	13650	4
6284	13651	3
6285	13656	1
6286	13657	5
6287	13658	4
6288	13659	5
6289	13660	1
6290	13665	4
6291	13666	5
6292	13667	4
6293	13672	4
6294	13673	5
6295	13674	1
6296	13676	2
6297	13678	2
6298	13679	5
6299	13680	4
6300	13683	3
6301	13685	3
6302	13686	5
6303	13687	2
6304	13692	1
6305	13695	3
6306	13697	4
6307	13699	2
6308	13700	2
6309	13701	4
6310	13704	4
6311	13705	5
6312	13709	4
6313	13710	1
6314	13713	4
6315	13719	1
6316	13720	3
6317	13723	2
6318	13725	5
6319	13726	2
6320	13730	5
6321	13732	4
6322	13736	3
6323	13737	5
6324	13742	3
6325	13743	4
6326	13745	3
6327	13746	4
6328	13750	4
6329	13751	5
6330	13754	5
6331	13757	2
6332	13764	1
6333	13767	2
6334	13770	2
6335	13772	4
6336	13773	1
6337	13774	4
6338	13777	1
6339	13779	5
6340	13784	1
6341	13790	4
6342	13793	2
6343	13795	3
6344	13797	3
6345	13798	4
6346	13799	2
6347	13802	5
6348	13804	1
6349	13805	2
6350	13810	5
6351	13813	5
6352	13814	3
6353	13816	1
6354	13817	5
6355	13820	2
6356	13821	5
6357	13828	4
6358	13831	2
6359	13832	2
6360	13834	5
6361	13836	5
6362	13838	4
6363	13842	4
6364	13844	3
6365	13845	5
6366	13849	4
6367	13850	3
6368	13853	3
6369	13854	2
6370	13858	3
6371	13861	2
6372	13862	1
6373	13867	3
6374	13868	1
6375	13869	4
6376	13870	1
6377	13871	1
6378	13874	5
6379	13875	3
6380	13877	5
6381	13883	2
6382	13886	2
6383	13892	5
6384	13894	3
6385	13898	2
6386	13901	4
6387	13903	5
6388	13904	3
6389	13907	1
6390	13912	4
6391	13913	3
6392	13914	2
6393	13915	1
6394	13917	4
6395	13918	3
6396	13921	5
6397	13923	1
6398	13924	5
6399	13927	1
6400	13928	2
6401	13930	2
6402	13934	2
6403	13935	2
6404	13936	3
6405	13937	2
6406	13938	4
6407	13939	1
6408	13941	5
6409	13942	3
6410	13943	1
6411	13947	4
6412	13949	4
6413	13950	3
6414	13951	2
6415	13957	4
6416	13958	1
6417	13968	2
6418	13972	2
6419	13973	1
6420	13976	2
6421	13977	3
6422	13978	2
6423	13980	2
6424	13983	1
6425	13985	5
6426	13987	5
6427	13988	5
6428	13995	5
6429	13996	3
6430	13998	3
6431	13999	5
6432	14005	4
6433	14008	4
6434	14009	4
6435	14010	2
6436	14011	4
6437	14016	3
6438	14017	2
6439	14019	5
6440	14020	4
6441	14021	3
6442	14022	1
6443	14024	3
6444	14025	3
6445	14028	5
6446	14029	2
6447	14030	3
6448	14031	2
6449	14035	3
6450	14036	3
6451	14038	5
6452	14039	4
6453	14040	5
6454	14042	3
6455	14045	2
6456	14046	2
6457	14047	3
6458	14048	1
6459	14049	3
6460	14050	1
6461	14052	5
6462	14055	1
6463	14056	1
6464	14059	1
6465	14061	2
6466	14064	3
6467	14066	4
6468	14067	2
6469	14070	2
6470	14071	2
6471	14073	5
6472	14074	2
6473	14076	1
6474	14077	3
6475	14078	4
6476	14080	4
6477	14081	2
6478	14084	4
6479	14085	1
6480	14086	5
6481	14087	2
6482	14090	3
6483	14091	4
6484	14093	2
6485	14094	3
6486	14099	2
6487	14102	1
6488	14103	2
6489	14105	2
6490	14107	5
6491	14108	4
6492	14109	3
6493	14110	5
6494	14111	1
6495	14113	4
6496	14116	4
6497	14120	5
6498	14122	5
6499	14128	1
6500	14129	4
6501	14132	2
6502	14133	5
6503	14134	1
6504	14135	3
6505	14136	2
6506	14139	4
6507	14140	4
6508	14141	2
6509	14142	1
6510	14143	3
6511	14144	5
6512	14147	3
6513	14149	3
6514	14155	3
6515	14157	5
6516	14158	3
6517	14159	3
6518	14160	2
6519	14161	3
6520	14163	5
6521	14165	3
6522	14166	1
6523	14169	3
6524	14174	4
6525	14178	3
6526	14179	4
6527	14180	5
6528	14182	3
6529	14183	1
6530	14184	3
6531	14187	1
6532	14188	2
6533	14189	1
6534	14190	1
6535	14191	1
6536	14192	2
6537	14195	5
6538	14196	5
6539	14198	5
6540	14200	4
6541	14203	4
6542	14205	5
6543	14206	2
6544	14208	4
6545	14209	3
6546	14212	3
6547	14216	3
6548	14217	1
6549	14218	5
6550	14221	2
6551	14224	3
6552	14226	4
6553	14227	2
6554	14228	4
6555	14230	4
6556	14231	2
6557	14232	3
6558	14233	1
6559	14236	4
6560	14238	3
6561	14239	1
6562	14241	4
6563	14248	3
6564	14252	1
6565	14254	5
6566	14255	5
6567	14258	2
6568	14259	3
6569	14260	1
6570	14262	5
6571	14264	2
6572	14266	1
6573	14267	4
6574	14269	5
6575	14275	4
6576	14276	2
6577	14277	1
6578	14280	2
6579	14283	1
6580	14285	4
6581	14288	4
6582	14289	1
6583	14290	1
6584	14293	1
6585	14295	3
6586	14297	1
6587	14302	2
6588	14304	1
6589	14308	2
6590	14309	5
6591	14313	4
6592	14316	4
6593	14320	1
6594	14322	1
6595	14323	4
6596	14324	1
6597	14325	4
6598	14326	2
6599	14327	5
6600	14328	5
6601	14329	1
6602	14331	4
6603	14334	4
6604	14337	4
6605	14338	3
6606	14342	1
6607	14343	2
6608	14345	4
6609	14346	5
6610	14352	1
6611	14356	4
6612	14357	5
6613	14358	5
6614	14359	4
6615	14360	2
6616	14361	1
6617	14365	2
6618	14366	1
6619	14367	3
6620	14368	4
6621	14369	4
6622	14370	3
6623	14372	2
6624	14373	4
6625	14374	2
6626	14376	3
6627	14377	3
6628	14378	4
6629	14379	1
6630	14382	2
6631	14385	1
6632	14386	2
6633	14391	3
6634	14393	1
6635	14395	3
6636	14399	2
6637	14401	1
6638	14403	1
6639	14406	2
6640	14408	4
6641	14411	2
6642	14413	5
6643	14415	2
6644	14419	2
6645	14421	1
6646	14423	3
6647	14425	3
6648	14428	4
6649	14429	2
6650	14434	4
6651	14436	4
6652	14437	2
6653	14438	5
6654	14442	1
6655	14444	5
6656	14446	1
6657	14447	5
6658	14448	5
6659	14450	1
6660	14452	2
6661	14454	1
6662	14458	5
6663	14460	3
6664	14462	5
6665	14466	1
6666	14467	2
6667	14468	5
6668	14470	2
6669	14474	1
6670	14477	4
6671	14478	1
6672	14480	4
6673	14481	4
6674	14482	4
6675	14485	1
6676	14487	5
6677	14491	5
6678	14492	1
6679	14493	5
6680	14495	5
6681	14496	4
6682	14497	4
6683	14502	1
6684	14504	5
6685	14509	2
6686	14510	4
6687	14512	4
6688	14515	2
6689	14518	2
6690	14519	3
6691	14522	2
6692	14523	1
6693	14524	4
6694	14527	5
6695	14528	3
6696	14530	5
6697	14532	3
6698	14533	4
6699	14534	2
6700	14535	1
6701	14541	2
6702	14542	2
6703	14544	5
6704	14545	2
6705	14546	3
6706	14548	2
6707	14552	3
6708	14554	1
6709	14560	3
6710	14561	4
6711	14564	2
6712	14567	5
6713	14571	5
6714	14572	2
6715	14574	2
6716	14575	3
6717	14576	1
6718	14578	4
6719	14583	1
6720	14584	2
6721	14585	4
6722	14587	3
6723	14588	5
6724	14589	4
6725	14591	4
6726	14593	2
6727	14596	1
6728	14599	1
6729	14600	4
6730	14604	4
6731	14605	1
6732	14606	5
6733	14607	5
6734	14608	1
6735	14609	5
6736	14610	5
6737	14617	2
6738	14618	5
6739	14619	5
6740	14620	4
6741	14621	3
6742	14623	5
6743	14628	2
6744	14629	5
6745	14631	1
6746	14632	3
6747	14633	4
6748	14635	5
6749	14636	4
6750	14637	5
6751	14640	3
6752	14644	2
6753	14646	3
6754	14649	4
6755	14650	4
6756	14652	1
6757	14653	5
6758	14654	2
6759	14655	4
6760	14657	4
6761	14659	5
6762	14660	3
6763	14661	5
6764	14662	2
6765	14663	5
6766	14666	5
6767	14671	5
6768	14672	5
6769	14673	2
6770	14675	2
6771	14676	5
6772	14677	4
6773	14684	5
6774	14685	2
6775	14687	5
6776	14688	2
6777	14690	3
6778	14691	2
6779	14692	3
6780	14695	4
6781	14698	2
6782	14701	3
6783	14703	3
6784	14705	4
6785	14706	2
6786	14707	4
6787	14710	4
6788	14716	1
6789	14720	5
6790	14721	3
6791	14726	1
6792	14727	5
6793	14731	5
6794	14733	5
6795	14734	3
6796	14737	2
6797	14739	4
6798	14741	5
6799	14743	5
6800	14745	4
6801	14747	1
6802	14748	1
6803	14750	1
6804	14751	4
6805	14752	3
6806	14753	3
6807	14754	3
6808	14756	1
6809	14758	1
6810	14759	2
6811	14760	5
6812	14765	2
6813	14766	1
6814	14767	5
6815	14769	5
6816	14770	3
6817	14775	5
6818	14776	2
6819	14781	1
6820	14782	4
6821	14783	2
6822	14784	4
6823	14785	4
6824	14789	1
6825	14792	4
6826	14804	2
6827	14807	1
6828	14812	3
6829	14813	3
6830	14814	5
6831	14816	3
6832	14819	1
6833	14823	3
6834	14824	4
6835	14826	4
6836	14827	1
6837	14830	3
6838	14833	3
6839	14834	5
6840	14835	1
6841	14836	1
6842	14838	5
6843	14839	5
6844	14840	5
6845	14842	2
6846	14843	3
6847	14850	5
6848	14852	2
6849	14853	4
6850	14856	4
6851	14858	1
6852	14859	1
6853	14861	4
6854	14865	1
6855	14868	2
6856	14869	4
6857	14873	5
6858	14876	2
6859	14883	1
6860	14885	5
6861	14887	3
6862	14888	2
6863	14889	4
6864	14890	3
6865	14894	1
6866	14896	1
6867	14898	1
6868	14902	5
6869	14904	5
6870	14906	1
6871	14908	3
6872	14915	2
6873	14916	2
6874	14918	4
6875	14921	5
6876	14922	3
6877	14923	5
6878	14924	4
6879	14927	3
6880	14933	2
6881	14934	1
6882	14936	1
6883	14937	1
6884	14940	3
6885	14942	5
6886	14944	4
6887	14947	3
6888	14950	1
6889	14952	3
6890	14953	2
6891	14955	5
6892	14961	2
6893	14964	4
6894	14967	1
6895	14968	4
6896	14974	2
6897	14976	3
6898	14979	3
6899	14982	3
6900	14983	2
6901	14984	2
6902	14985	4
6903	14988	1
6904	14989	4
6905	14990	2
6906	14993	2
6907	14995	2
6908	14998	2
6909	15003	4
6910	15004	1
6911	15006	2
6912	15012	2
6913	15014	2
6914	15015	3
6915	15016	4
6916	15017	5
6917	15018	2
6918	15020	1
6919	15021	3
6920	15023	4
6921	15024	5
6922	15025	3
6923	15027	1
6924	15029	5
6925	15030	4
6926	15031	3
6927	15036	3
6928	15039	4
6929	15040	3
6930	15042	3
6931	15046	2
6932	15049	1
6933	15054	1
6934	15055	4
6935	15058	2
6936	15061	4
6937	15062	2
6938	15063	1
6939	15066	5
6940	15069	4
6941	15071	4
6942	15073	5
6943	15075	4
6944	15079	2
6945	15080	1
6946	15081	3
6947	15084	4
6948	15087	4
6949	15088	2
6950	15090	5
6951	15091	3
6952	15096	5
6953	15097	5
6954	15100	3
6955	15103	3
6956	15106	2
6957	15109	1
6958	15111	1
6959	15113	2
6960	15118	4
6961	15119	2
6962	15120	2
6963	15125	1
6964	15127	3
6965	15130	2
6966	15131	2
6967	15132	2
6968	15135	3
6969	15136	3
6970	15137	3
6971	15138	1
6972	15142	1
6973	15145	4
6974	15147	2
6975	15148	4
6976	15150	3
6977	15151	3
6978	15152	2
6979	15153	5
6980	15156	3
6981	15157	5
6982	15160	4
6983	15164	2
6984	15165	3
6985	15166	4
6986	15170	5
6987	15173	3
6988	15175	3
6989	15177	2
6990	15178	4
6991	15184	4
6992	15185	1
6993	15187	1
6994	15192	4
6995	15194	1
6996	15195	2
6997	15197	2
6998	15198	1
6999	15199	3
7000	15200	4
7001	15202	3
7002	15203	3
7003	15204	2
7004	15209	1
7005	15213	4
7006	15216	3
7007	15221	1
7008	15224	2
7009	15228	1
7010	15229	3
7011	15230	1
7012	15231	4
7013	15232	5
7014	15234	3
7015	15239	5
7016	15240	4
7017	15241	2
7018	15242	3
7019	15248	4
7020	15249	3
7021	15251	3
7022	15253	3
7023	15255	5
7024	15256	5
7025	15257	4
7026	15259	2
7027	15261	2
7028	15263	1
7029	15268	3
7030	15269	1
7031	15270	5
7032	15274	2
7033	15276	5
7034	15278	5
7035	15279	4
7036	15281	3
7037	15283	1
7038	15285	4
7039	15286	4
7040	15288	4
7041	15289	2
7042	15290	2
7043	15292	2
7044	15293	5
7045	15294	3
7046	15295	2
7047	15296	4
7048	15297	1
7049	15301	1
7050	15303	4
7051	15304	2
7052	15309	3
7053	15311	5
7054	15313	2
7055	15314	5
7056	15317	2
7057	15319	4
7058	15320	2
7059	15321	1
7060	15322	3
7061	15324	1
7062	15325	2
7063	15327	5
7064	15328	1
7065	15331	3
7066	15336	5
7067	15339	1
7068	15341	3
7069	15344	3
7070	15350	2
7071	15351	1
7072	15352	4
7073	15353	2
7074	15355	1
7075	15356	5
7076	15357	4
7077	15361	3
7078	15362	4
7079	15363	2
7080	15366	4
7081	15372	1
7082	15373	2
7083	15375	2
7084	15376	2
7085	15380	2
7086	15381	2
7087	15384	2
7088	15387	3
7089	15393	5
7090	15395	2
7091	15397	5
7092	15401	2
7093	15405	1
7094	15408	4
7095	15410	1
7096	15412	1
7097	15414	3
7098	15415	4
7099	15416	2
7100	15418	1
7101	15419	5
7102	15421	2
7103	15422	4
7104	15426	3
7105	15428	2
7106	15429	4
7107	15431	1
7108	15432	5
7109	15434	5
7110	15439	3
7111	15443	2
7112	15444	1
7113	15448	5
7114	15449	3
7115	15455	3
7116	15461	2
7117	15464	4
7118	15468	2
7119	15469	4
7120	15470	2
7121	15471	5
7122	15472	3
7123	15473	2
7124	15474	2
7125	15476	5
7126	15478	5
7127	15482	1
7128	15483	2
7129	15486	2
7130	15487	1
7131	15489	5
7132	15493	3
7133	15496	3
7134	15497	5
7135	15498	3
7136	15499	2
7137	15500	3
7138	15502	4
7139	15505	2
7140	15508	1
7141	15509	2
7142	15514	2
7143	15516	5
7144	15517	2
7145	15518	2
7146	15523	1
7147	15527	1
7148	15528	5
7149	15532	4
7150	15535	4
7151	15539	5
7152	15540	5
7153	15544	1
7154	15547	1
7155	15548	5
7156	15550	2
7157	15556	4
7158	15559	4
7159	15560	4
7160	15561	4
7161	15562	2
7162	15564	1
7163	15565	4
7164	15566	3
7165	15567	4
7166	15568	2
7167	15569	2
7168	15570	2
7169	15577	2
7170	15584	2
7171	15586	4
7172	15587	1
7173	15588	4
7174	15590	3
7175	15592	2
7176	15593	2
7177	15598	1
7178	15600	5
7179	15601	1
7180	15603	2
7181	15604	3
7182	15610	2
7183	15611	2
7184	15612	1
7185	15615	2
7186	15616	1
7187	15617	1
7188	15618	5
7189	15619	5
7190	15621	4
7191	15622	4
7192	15624	2
7193	15629	3
7194	15630	3
7195	15631	1
7196	15632	4
7197	15635	5
7198	15636	4
7199	15639	1
7200	15640	1
7201	15641	3
7202	15643	1
7203	15644	5
7204	15645	1
7205	15648	1
7206	15649	5
7207	15651	1
7208	15652	2
7209	15653	1
7210	15654	1
7211	15655	4
7212	15657	2
7213	15658	4
7214	15660	3
7215	15661	4
7216	15663	4
7217	15664	1
7218	15667	3
7219	15671	4
7220	15675	4
7221	15678	3
7222	15679	4
7223	15680	4
7224	15681	5
7225	15684	5
7226	15685	4
7227	15690	4
7228	15691	1
7229	15697	1
7230	15700	1
7231	15704	2
7232	15705	3
7233	15706	4
7234	15709	1
7235	15710	1
7236	15711	5
7237	15714	5
7238	15715	4
7239	15716	3
7240	15717	5
7241	15719	1
7242	15723	4
7243	15725	5
7244	15726	3
7245	15727	4
7246	15728	3
7247	15729	5
7248	15730	1
7249	15737	2
7250	15739	2
7251	15740	1
7252	15741	5
7253	15742	4
7254	15744	3
7255	15746	3
7256	15747	3
7257	15749	1
7258	15750	3
7259	15753	3
7260	15754	3
7261	15759	4
7262	15760	3
7263	15761	3
7264	15765	1
7265	15767	2
7266	15768	4
7267	15769	4
7268	15770	1
7269	15771	1
7270	15772	1
7271	15776	1
7272	15778	3
7273	15779	5
7274	15780	5
7275	15782	5
7276	15785	4
7277	15786	1
7278	15789	1
7279	15790	3
7280	15792	2
7281	15798	3
7282	15800	1
7283	15803	4
7284	15804	1
7285	15805	1
7286	15807	1
7287	15808	2
7288	15809	3
7289	15810	5
7290	15811	5
7291	15815	2
7292	15818	2
7293	15819	3
7294	15823	2
7295	15824	2
7296	15826	5
7297	15828	2
7298	15829	3
7299	15830	5
7300	15831	1
7301	15832	3
7302	15834	3
7303	15836	4
7304	15837	3
7305	15840	1
7306	15842	1
7307	15844	5
7308	15845	5
7309	15849	2
7310	15850	4
7311	15852	4
7312	15855	2
7313	15856	1
7314	15857	2
7315	15858	1
7316	15861	2
7317	15862	5
7318	15863	3
7319	15865	2
7320	15867	4
7321	15871	3
7322	15873	3
7323	15875	5
7324	15876	3
7325	15877	4
7326	15880	4
7327	15881	2
7328	15883	5
7329	15887	3
7330	15889	3
7331	15893	1
7332	15899	3
7333	15900	2
7334	15901	3
7335	15902	4
7336	15903	3
7337	15904	5
7338	15906	4
7339	15908	3
7340	15909	2
7341	15917	3
7342	15918	5
7343	15922	1
7344	15925	5
7345	15929	4
7346	15930	2
7347	15931	2
7348	15932	5
7349	15933	1
7350	15934	4
7351	15936	2
7352	15939	3
7353	15942	5
7354	15943	1
7355	15944	4
7356	15945	5
7357	15946	4
7358	15947	5
7359	15948	3
7360	15949	4
7361	15950	1
7362	15951	4
7363	15956	3
7364	15957	5
7365	15958	1
7366	15959	1
7367	15960	2
7368	15961	1
7369	15964	2
7370	15966	2
7371	15970	5
7372	15972	1
7373	15974	1
7374	15977	5
7375	15978	2
7376	15981	4
7377	15982	3
7378	15985	3
7379	15987	2
7380	15988	3
7381	15989	5
7382	15993	4
7383	15995	5
7384	15997	3
7385	15998	1
7386	16005	4
7387	16006	1
7388	16008	2
7389	16012	3
7390	16015	2
7391	16016	1
7392	16017	5
7393	16018	1
7394	16020	3
7395	16022	1
7396	16023	4
7397	16024	3
7398	16026	4
7399	16027	2
7400	16028	4
7401	16032	1
7402	16033	1
7403	16038	4
7404	16040	2
7405	16041	3
7406	16043	3
7407	16045	2
7408	16047	3
7409	16053	4
7410	16055	5
7411	16056	4
7412	16057	4
7413	16058	3
7414	16060	3
7415	16061	1
7416	16068	4
7417	16069	2
7418	16071	2
7419	16072	4
7420	16076	5
7421	16078	5
7422	16083	1
7423	16087	1
7424	16092	3
7425	16093	2
7426	16096	2
7427	16098	3
7428	16102	4
7429	16103	4
7430	16105	2
7431	16106	3
7432	16115	1
7433	16116	3
7434	16118	1
7435	16120	2
7436	16121	2
7437	16122	4
7438	16123	1
7439	16124	5
7440	16126	5
7441	16127	4
7442	16131	3
7443	16134	2
7444	16136	2
7445	16139	4
7446	16143	3
7447	16150	5
7448	16151	5
7449	16152	4
7450	16153	5
7451	16158	2
7452	16161	3
7453	16167	5
7454	16168	3
7455	16170	1
7456	16174	5
7457	16175	2
7458	16178	4
7459	16180	1
7460	16181	3
7461	16182	1
7462	16183	1
7463	16187	1
7464	16188	3
7465	16189	2
7466	16195	5
7467	16196	1
7468	16198	2
7469	16203	5
7470	16204	2
7471	16205	1
7472	16207	3
7473	16210	4
7474	16217	5
7475	16218	5
7476	16219	4
7477	16220	3
7478	16223	3
7479	16224	5
7480	16225	5
7481	16226	4
7482	16228	2
7483	16231	5
7484	16237	2
7485	16238	2
7486	16239	3
7487	16241	3
7488	16243	1
7489	16245	2
7490	16246	4
7491	16247	3
